music/Ooby_Dooby/roy_orbison+Black_and_White_Night+05-Ooby_Dooby.mp3; [-692.95306  , 173.50534  , -51.494907 ,  55.741478 , -23.526962 ,   29.248734 , -16.82424  ,   5.936065 ,   2.7149098,  -4.229291 ,   13.672986 , -11.684442 ,  12.167524 ]; [[2941.24307693,   8.52134777, -75.57629659,1109.20320609,-515.94068915,   736.53946892,-187.14399948, 128.16572867,  12.11674654,-135.80967485,   155.84429367,-221.73978295, 207.15935782], [   8.52134777, 653.64827643, 310.99184394,-185.72470222, 185.84253085,     2.1053451 ,  50.17772801, -32.60113656,  22.16596073,  22.98229825,   -14.85181814,  94.03251853, -33.18497561], [ -75.57629659, 310.99184394, 668.12811691, 167.19645432, -29.82811494,   168.64070845,  23.55994865,  12.62516653,  24.47342807, -15.73260165,    28.50741512,  42.51211211,  19.54680639], [1109.20320609,-185.72470222, 167.19645432, 748.03470884,-252.18142685,   319.63283697, -77.34307415,  68.77448108, -13.52012257, -63.92064998,    78.45782718,-122.69256906, 109.7139559 ], [-515.94068915, 185.84253085, -29.82811494,-252.18142685, 317.76113661,  -140.7698069 ,  20.99754698, -27.76050373,  11.32520402,  49.53625548,   -39.30072121,  75.08442761, -41.41123531], [ 736.53946892,   2.1053451 , 168.64070845, 319.63283697,-140.7698069 ,   442.86609236, -16.56201584,  53.87941947,  94.76741547, -50.65362989,    70.54971896, -19.18291825,  72.50146314], [-187.14399948,  50.17772801,  23.55994865, -77.34307415,  20.99754698,   -16.56201584, 131.16179857,  19.15309988,  15.74894525,  25.12867131,    -3.47036704,  34.42172105, -20.37852948], [ 128.16572867, -32.60113656,  12.62516653,  68.77448108, -27.76050373,    53.87941947,  19.15309988,  91.30653366,  31.97596717,  -5.91513031,    28.8848414 ,  -4.06059106,  22.02341938], [  12.11674654,  22.16596073,  24.47342807, -13.52012257,  11.32520402,    94.76741547,  15.74894525,  31.97596717, 127.7838041 ,  12.50831894,    11.08933425,  40.93345385,   0.04366327], [-135.80967485,  22.98229825, -15.73260165, -63.92064998,  49.53625548,   -50.65362989,  25.12867131,  -5.91513031,  12.50831894,  79.05256245,     9.50750361,   6.0551683 ,   3.36514014], [ 155.84429367, -14.85181814,  28.50741512,  78.45782718, -39.30072121,    70.54971896,  -3.47036704,  28.8848414 ,  11.08933425,   9.50750361,    71.34167676,  12.17204216,  14.77289085], [-221.73978295,  94.03251853,  42.51211211,-122.69256906,  75.08442761,   -19.18291825,  34.42172105,  -4.06059106,  40.93345385,   6.0551683 ,    12.17204216,  98.37829682,  -4.41269769], [ 207.15935782, -33.18497561,  19.54680639, 109.7139559 , -41.41123531,    72.50146314, -20.37852948,  22.02341938,   0.04366327,   3.36514014,    14.77289085,  -4.41269769,  80.09894953]]
music/Ooby_Dooby/creedence_clearwater_revival+Cosmo_s_Factory+04-Ooby_Dooby.mp3; [-612.88116   , 172.39822   , -95.25418   ,  57.19583   , -24.852999  ,   39.175213  , -17.782717  ,  -0.09160278,   7.3201823 , -11.161729  ,    5.076851  , -15.234553  ,   8.070421  ]; [[15306.78108185, 3673.14843378,-3655.74783847, 1402.03211363,  -1014.29119313, 1207.69165065, -651.90395669,   90.04931867,    168.80893204, -459.357432  ,   51.30893   , -630.55058424,    172.79562044], [ 3673.14843378, 1697.4106746 , -396.30811449,  349.30324741,    -22.72848202,  277.60156534,   -3.3790233 ,  149.64467645,     72.49119041,  -71.89390542,   11.93586167, -135.76903843,     12.32359764], [-3655.74783847, -396.30811449, 1873.04185241, -112.13541518,    225.86024173, -169.60240847,  203.81989358,  127.67916096,    -97.65148053,  102.15404391,   16.08957281,   96.7281724 ,    -15.50897414], [ 1402.03211363,  349.30324741, -112.13541518,  375.21466411,    -88.97576931,  181.27339813,  -74.31370611,   35.22767227,      5.80781199,  -58.03432596,   22.31028033,  -92.66663887,     27.45629699], [-1014.29119313,  -22.72848202,  225.86024173,  -88.97576931,    446.44818506,  -81.87149707,  152.09093811,   56.22080332,     70.29503049,   91.95894189,  -32.96852958,   79.17328784,    -79.16851026], [ 1207.69165065,  277.60156534, -169.60240847,  181.27339813,    -81.87149707,  251.92251211,  -26.01966355,   43.43636217,     20.0412448 ,  -39.69931017,   27.1771593 ,  -69.41015849,     29.68610495], [ -651.90395669,   -3.3790233 ,  203.81989358,  -74.31370611,    152.09093811,  -26.01966355,  194.83279165,   68.55082722,      7.55041006,   29.25491244,  -13.29927566,   63.57541444,    -38.77411267], [   90.04931867,  149.64467645,  127.67916096,   35.22767227,     56.22080332,   43.43636217,   68.55082722,  137.24302165,     23.61091274,  -10.13048709,    2.55600397,  -15.49690134,      5.38931942], [  168.80893204,   72.49119041,  -97.65148053,    5.80781199,     70.29503049,   20.0412448 ,    7.55041006,   23.61091274,    104.70633661,   46.00384439,  -10.20206531,    7.52634199,    -16.45684619], [ -459.357432  ,  -71.89390542,  102.15404391,  -58.03432596,     91.95894189,  -39.69931017,   29.25491244,  -10.13048709,     46.00384439,  111.47142038,   24.85319331,   29.41274208,    -13.19183889], [   51.30893   ,   11.93586167,   16.08957281,   22.31028033,    -32.96852958,   27.1771593 ,  -13.29927566,    2.55600397,    -10.20206531,   24.85319331,   65.04635596,    7.93870694,      7.88547635], [ -630.55058424, -135.76903843,   96.7281724 ,  -92.66663887,     79.17328784,  -69.41015849,   63.57541444,  -15.49690134,      7.52634199,   29.41274208,    7.93870694,  102.3106985 ,     -4.18033752], [  172.79562044,   12.32359764,  -15.50897414,   27.45629699,    -79.16851026,   29.68610495,  -38.77411267,    5.38931942,    -16.45684619,  -13.19183889,    7.88547635,   -4.18033752,     87.64690695]]
music/Let_It_Be/beatles+Let_It_Be+06-Let_It_Be.mp3; [-691.6471   , 199.66936  , -41.803032 ,  45.12775  , -21.892017 ,   16.504168 , -14.496862 ,   7.246047 ,  -2.4016838, -11.631021 ,    8.227133 , -11.561065 ,   9.022097 ]; [[13680.08995688, -450.70399639,-4363.20796649, 3301.63434165,  -1752.71868878, 1627.8887951 , -397.20644585,  464.45453931,    441.04477305,    4.95129305,  724.46264494, -481.45517418,    939.62795224], [ -450.70399639, 1068.86650036,  335.81139658, -627.03499458,    266.79641084, -281.3519715 ,   88.90710222,  -57.84351985,    -54.96261431,    4.31922038,  -85.05322405,   85.52532561,   -145.77871459], [-4363.20796649,  335.81139658, 1930.81501819, -959.45123314,    448.70479887, -337.10100237,  149.16190538, -121.52956128,   -112.76684129,    7.98945131, -174.4262895 ,  175.68851876,   -267.24000279], [ 3301.63434165, -627.03499458, -959.45123314, 1389.93053037,   -415.11291837,  554.77997481, -139.67901063,  181.61269504,    166.27095302,  -14.95472305,  218.1888143 , -138.80958328,    334.20331775], [-1752.71868878,  266.79641084,  448.70479887, -415.11291837,    572.41017672, -335.4652918 ,   22.24796671,  -31.44944934,    -37.49333621,   -4.52625163, -146.44449525,   89.87503506,   -142.77866813], [ 1627.8887951 , -281.3519715 , -337.10100237,  554.77997481,   -335.4652918 ,  546.21572952,   37.71176646,   64.74818226,    128.76939424,   41.7869286 ,  154.83507239,  -61.44287941,    166.67212358], [ -397.20644585,   88.90710222,  149.16190538, -139.67901063,     22.24796671,   37.71176646,  229.99085989,   12.0226312 ,      3.81146917,   37.38307182,  -11.64206759,   45.89864057,    -36.3938543 ], [  464.45453931,  -57.84351985, -121.52956128,  181.61269504,    -31.44944934,   64.74818226,   12.0226312 ,  134.8058057 ,     53.76358016,  -15.88013286,   31.95779538,  -14.65174061,     59.68798403], [  441.04477305,  -54.96261431, -112.76684129,  166.27095302,    -37.49333621,  128.76939424,    3.81146917,   53.76358016,    143.46849266,   48.9835193 ,   18.6605571 ,   -2.55037501,     53.99457616], [    4.95129305,    4.31922038,    7.98945131,  -14.95472305,     -4.52625163,   41.7869286 ,   37.38307182,  -15.88013286,     48.9835193 ,  119.77917809,   56.63934852,   -4.79414754,     -6.26092283], [  724.46264494,  -85.05322405, -174.4262895 ,  218.1888143 ,   -146.44449525,  154.83507239,  -11.64206759,   31.95779538,     18.6605571 ,   56.63934852,  153.45777911,  -10.67146469,     56.19244689], [ -481.45517418,   85.52532561,  175.68851876, -138.80958328,     89.87503506,  -61.44287941,   45.89864057,  -14.65174061,     -2.55037501,   -4.79414754,  -10.67146469,  107.60738459,     -2.35106134], [  939.62795224, -145.77871459, -267.24000279,  334.20331775,   -142.77866813,  166.67212358,  -36.3938543 ,   59.68798403,     53.99457616,   -6.26092283,   56.19244689,   -2.35106134,    164.81356872]]
music/Let_It_Be/nick_cave+I_am_Sam+20-Let_It_Be.mp3; [-759.53687  , 213.50534  ,   1.9900693,  47.484585 ,  -1.8707316,   13.064885 , -12.576151 ,  -2.6058187,  -4.5983315,  -5.838273 ,    5.1019416,  -9.213317 ,   6.071347 ]; [[ 9912.76836763, 1397.50430956,-2502.6694122 , 1395.87224657,  -1386.17681254,  340.20919759, -940.53420066,   28.82158791,    -32.0064279 ,  -13.28853495,  546.99989547, -381.92405842,    596.38727231], [ 1397.50430956, 1546.66424828, -147.85084237, -369.2742866 ,    279.32947921, -272.33913332,  -41.07994019,  -39.58386984,    -72.95353638,   24.71269518,   15.08696126,   83.87914166,    -14.5562051 ], [-2502.6694122 , -147.85084237, 1109.60918266, -223.47065065,    265.24514249,   20.14367675,  312.65665776,   23.21519484,      5.35013557,  -12.92071176, -139.49118931,  110.2815168 ,   -131.40795387], [ 1395.87224657, -369.2742866 , -223.47065065,  760.61156279,   -332.58486852,  234.47114228, -122.17111734,   34.82187322,     34.64071941,  -24.98401379,   72.803696  , -157.6969885 ,    137.86638578], [-1386.17681254,  279.32947921,  265.24514249, -332.58486852,    669.94563591, -183.96297865,  112.04756863,  -41.33802717,    -14.13026535,   37.28875845, -129.99957016,   77.3832521 ,   -136.64081115], [  340.20919759, -272.33913332,   20.14367675,  234.47114228,   -183.96297865,  311.60490322,   16.25961486,   16.9039904 ,     48.26144333,  -12.13859788,   42.4264164 ,  -36.34043525,     41.66523345], [ -940.53420066,  -41.07994019,  312.65665776, -122.17111734,    112.04756863,   16.25961486,  251.43826623,   40.45077897,      7.50583455,    3.2600945 ,  -56.09660745,   53.81192303,    -72.04195517], [   28.82158791,  -39.58386984,   23.21519484,   34.82187322,    -41.33802717,   16.9039904 ,   40.45077897,  105.19432586,     38.0276484 ,   -8.40182638,   16.59833282,   -2.43322972,     13.28846901], [  -32.0064279 ,  -72.95353638,    5.35013557,   34.64071941,    -14.13026535,   48.26144333,    7.50583455,   38.0276484 ,    114.95034493,   24.16785798,  -15.28442425,    5.72830427,     -5.04584712], [  -13.28853495,   24.71269518,  -12.92071176,  -24.98401379,     37.28875845,  -12.13859788,    3.2600945 ,   -8.40182638,     24.16785798,   85.66303518,   31.18714647,    0.80464456,     -2.00519992], [  546.99989547,   15.08696126, -139.49118931,   72.803696  ,   -129.99957016,   42.4264164 ,  -56.09660745,   16.59833282,    -15.28442425,   31.18714647,  140.11532302,   14.94344066,     25.83578762], [ -381.92405842,   83.87914166,  110.2815168 , -157.6969885 ,     77.3832521 ,  -36.34043525,   53.81192303,   -2.43322972,      5.72830427,    0.80464456,   14.94344066,  123.76996257,     -8.61325953], [  596.38727231,  -14.5562051 , -131.40795387,  137.86638578,   -136.64081115,   41.66523345,  -72.04195517,   13.28846901,     -5.04584712,   -2.00519992,   25.83578762,   -8.61325953,    136.06267469]]
music/Let_It_Be/beatles+1+26-Let_It_Be.mp3; [-653.05133  , 209.97824  , -54.924103 ,  41.61521  , -29.173742 ,   13.624193 , -19.314325 ,   1.164014 ,  -7.380717 , -13.873642 ,    8.412542 , -13.283196 ,   7.2686768]; [[10322.1018523 , -152.98343731,-2559.72989608, 2559.15893846,  -1413.85123465, 1353.24731996, -533.93173477,  254.91068062,    280.21189506,  -20.97460294,  575.34362112, -425.2582075 ,    587.77275978], [ -152.98343731, 1535.31862759,  201.03946715, -748.37982732,    404.47529702, -428.05190487,   87.15657034, -111.54872602,   -120.95565284,  -51.34999886, -152.46521012,  102.1913484 ,   -164.19625089], [-2559.72989608,  201.03946715, 1147.25559607, -564.87465553,    233.15935963, -173.10203447,  152.18364878,  -23.58063972,    -64.20179981,   10.81758535,  -86.2960647 ,  123.82096807,   -106.06795786], [ 2559.15893846, -748.37982732, -564.87465553, 1268.62877903,   -473.83124058,  588.14401281, -123.85538144,  185.89935763,    170.32179077,    1.82175137,  221.13204016, -142.60018355,    268.54674138], [-1413.85123465,  404.47529702,  233.15935963, -473.83124058,    575.04704922, -367.81039839,   84.73521274,  -11.24843481,    -30.23210782,  -13.49831611, -164.5836841 ,  105.2119593 ,   -125.25803971], [ 1353.24731996, -428.05190487, -173.10203447,  588.14401281,   -367.81039839,  618.6899781 ,   17.69629988,   59.09965493,    155.76077776,   72.40338036,  179.61467364,  -73.90717118,    136.9509063 ], [ -533.93173477,   87.15657034,  152.18364878, -123.85538144,     84.73521274,   17.69629988,  254.51636555,  -10.94576889,     22.70914312,   65.95971638,  -14.95827697,   52.24158113,    -64.03696606], [  254.91068062, -111.54872602,  -23.58063972,  185.89935763,    -11.24843481,   59.09965493,  -10.94576889,  145.42256722,     42.13811379,   -9.68271255,   41.32383988,  -25.3392577 ,     54.44865995], [  280.21189506, -120.95565284,  -64.20179981,  170.32179077,    -30.23210782,  155.76077776,   22.70914312,   42.13811379,    156.75311852,   59.45533503,   20.91877175,    0.35014807,     33.56131247], [  -20.97460294,  -51.34999886,   10.81758535,    1.82175137,    -13.49831611,   72.40338036,   65.95971638,   -9.68271255,     59.45533503,  130.40728368,   58.63917535,    0.06578243,     -6.16355028], [  575.34362112, -152.46521012,  -86.2960647 ,  221.13204016,   -164.5836841 ,  179.61467364,  -14.95827697,   41.32383988,     20.91877175,   58.63917535,  161.62163589,  -14.11482032,     54.73183277], [ -425.2582075 ,  102.1913484 ,  123.82096807, -142.60018355,    105.2119593 ,  -73.90717118,   52.24158113,  -25.3392577 ,      0.35014807,    0.06578243,  -14.11482032,  107.84136333,     -6.91348421], [  587.77275978, -164.19625089, -106.06795786,  268.54674138,   -125.25803971,  136.9509063 ,  -64.03696606,   54.44865995,     33.56131247,   -6.16355028,   54.73183277,   -6.91348421,    140.05343533]]
music/Walk_This_Way/aerosmith+A_Little_South_Of_Sanity_Disc_2_+08-Walk_This_Way.mp3; [-562.5265   , 185.04204  , -78.23149  ,  82.63187  , -36.62424  ,   42.745884 , -13.3784075,  10.927993 ,  12.252929 ,  -8.604799 ,   10.686489 , -14.557544 ,  15.281796 ]; [[1485.07365878,  72.42217963,  97.24615149, 467.37171582,-141.77118401,   246.69099733,-111.69613888,  29.4305252 ,   9.53589561,  -0.57298646,    64.38109722,  -5.51156571,  92.68876313], [  72.42217963, 369.1270407 , 117.19780874,  97.05374497, 162.16739257,    24.88066521,  61.01286192, -22.97778358,  40.80387567,  20.29568627,    -5.3010292 ,  40.48554611,  -1.56652212], [  97.24615149, 117.19780874, 428.44265746, 191.71345614, 123.53318601,   110.75438294, -34.19336972, -18.35571811,  -6.23237844,  22.3534748 ,    10.34236928,  19.77775641,  23.02825037], [ 467.37171582,  97.05374497, 191.71345614, 390.77895635,  26.25969578,   161.01684879, -57.60759326,   0.07563011,  17.07624128,   0.81820089,    34.86444186,   2.18142584,  65.47340673], [-141.77118401, 162.16739257, 123.53318601,  26.25969578, 288.15415584,     5.04030017,  95.33720957,  -7.79895284,  45.05255959,  49.66061575,   -23.06704398,  62.26661557, -17.68462912], [ 246.69099733,  24.88066521, 110.75438294, 161.01684879,   5.04030017,   191.80994321,  -7.41527418,  23.21807767,   4.44123268,   6.98111013,    38.01954028, -10.84545409,  45.0660689 ], [-111.69613888,  61.01286192, -34.19336972, -57.60759326,  95.33720957,    -7.41527418, 205.30238475,  65.1393447 ,  42.56765064,  34.16354633,    -7.70646954,  40.95402913, -22.79158362], [  29.4305252 , -22.97778358, -18.35571811,   0.07563011,  -7.79895284,    23.21807767,  65.1393447 , 109.17698455,  45.5397587 ,  17.88480974,    15.19891787,  -2.19037757,  10.68185739], [   9.53589561,  40.80387567,  -6.23237844,  17.07624128,  45.05255959,     4.44123268,  42.56765064,  45.5397587 , 102.97132537,  46.38681218,    -1.39053432,  21.0419894 ,  -8.44478384], [  -0.57298646,  20.29568627,  22.3534748 ,   0.81820089,  49.66061575,     6.98111013,  34.16354633,  17.88480974,  46.38681218,  82.94495464,    29.92335873,  13.15126069,  -3.01637125], [  64.38109722,  -5.3010292 ,  10.34236928,  34.86444186, -23.06704398,    38.01954028,  -7.70646954,  15.19891787,  -1.39053432,  29.92335873,    73.23459663,  15.22979784,  20.02612808], [  -5.51156571,  40.48554611,  19.77775641,   2.18142584,  62.26661557,   -10.84545409,  40.95402913,  -2.19037757,  21.0419894 ,  13.15126069,    15.22979784,  78.79692807,  16.81628779], [  92.68876313,  -1.56652212,  23.02825037,  65.47340673, -17.68462912,    45.0660689 , -22.79158362,  10.68185739,  -8.44478384,  -3.01637125,    20.02612808,  16.81628779,  69.59885142]]
music/Walk_This_Way/run_dmc+Raising_Hell+04-Walk_This_Way.mp3; [-684.114   , 150.25163 , -57.20039 ,  74.55266 , -31.272036,  26.839827,  -22.842867,   9.103122,   6.711247,  -8.166785,  16.002844, -15.141054,    9.713406]; [[ 7421.72159519, 1751.3042376 ,-1800.27920557,  581.69385292,  -1002.75691919,  212.19862689, -638.12227247,   20.97453644,   -144.77701433, -286.46632609,  210.211626  , -303.39048869,    166.76280776], [ 1751.3042376 , 1126.24885401, -377.04730618,   -6.01573473,     47.77935279, -238.70252974,    6.63891183,  -39.53990607,      0.7387623 ,  -16.85685899,   11.35273754,   71.52918922,    -48.37985038], [-1800.27920557, -377.04730618,  854.9440749 ,   94.78071757,    283.23964162,  147.70050237,  183.0923488 ,   82.16560937,     67.1430082 ,   80.96981994,  -24.74579482,   54.55787516,     15.38834495], [  581.69385292,   -6.01573473,   94.78071757,  376.9886836 ,      2.27718029,  202.67626536,  -28.75247726,   69.45455694,     29.96794928,   -5.380641  ,   41.09022681,  -47.79040322,     74.6519908 ], [-1002.75691919,   47.77935279,  283.23964162,    2.27718029,    467.50279744,  -59.12866403,  195.51651681,   21.71779687,     75.06563765,  100.34857429,  -37.72104013,  118.08412685,    -29.95180657], [  212.19862689, -238.70252974,  147.70050237,  202.67626536,    -59.12866403,  395.95636468,   14.14591316,  100.4281625 ,     17.83605485,   -9.73290974,   46.05238885,  -84.97696339,     87.45348139], [ -638.12227247,    6.63891183,  183.0923488 ,  -28.75247726,    195.51651681,   14.14591316,  265.53186335,   56.86698865,     49.95287731,   68.52566115,  -16.3195532 ,   70.92423425,    -34.1532779 ], [   20.97453644,  -39.53990607,   82.16560937,   69.45455694,     21.71779687,  100.4281625 ,   56.86698865,  140.52457798,     70.28064627,   31.48962438,   32.47587595,  -10.60429252,     29.00115903], [ -144.77701433,    0.7387623 ,   67.1430082 ,   29.96794928,     75.06563765,   17.83605485,   49.95287731,   70.28064627,    122.01868414,   72.83238068,   14.81710683,   26.48036595,     -7.3927604 ], [ -286.46632609,  -16.85685899,   80.96981994,   -5.380641  ,    100.34857429,   -9.73290974,   68.52566115,   31.48962438,     72.83238068,  112.01834601,   35.35223671,   33.34980499,    -11.14764727], [  210.211626  ,   11.35273754,  -24.74579482,   41.09022681,    -37.72104013,   46.05238885,  -16.3195532 ,   32.47587595,     14.81710683,   35.35223671,   92.47305198,   24.67676151,     20.13664491], [ -303.39048869,   71.52918922,   54.55787516,  -47.79040322,    118.08412685,  -84.97696339,   70.92423425,  -10.60429252,     26.48036595,   33.34980499,   24.67676151,  128.16161826,      9.04335851], [  166.76280776,  -48.37985038,   15.38834495,   74.6519908 ,    -29.95180657,   87.45348139,  -34.1532779 ,   29.00115903,     -7.3927604 ,  -11.14764727,   20.13664491,    9.04335851,    100.01395676]]
music/Time/tom_waits+Rain_Dogs+09-Time.mp3; [-837.97345   , 191.96585   ,  18.377863  ,  24.142094  ,  -5.9449406 ,   24.017761  ,  -7.900078  ,  -5.019681  ,   2.7211034 ,  -5.940104  ,    3.921655  ,  -9.643479  ,   0.39808163]; [[ 8510.0370048 , 1595.21424788,-2212.56559317,  496.07410818,  -1513.59123582,  857.27770911, -655.4061818 ,   -7.62734588,     32.11427823, -486.82623537,  463.81127646, -243.00457078,    415.27508944], [ 1595.21424788, 1776.72904726,  -71.95436385, -435.14161081,    242.07860067, -112.60440113,  108.01251041,   19.97670891,     21.82159565,    4.14232517,  -80.77868214,   99.08492825,      6.55422122], [-2212.56559317,  -71.95436385, 1161.7174468 ,  105.69164717,    466.57374972, -119.10235317,  191.50535128,   37.81311798,     32.64108314,  161.62337766,  -90.95196219,   38.58835525,   -128.21421026], [  496.07410818, -435.14161081,  105.69164717,  648.51077448,   -181.4172513 ,  210.74459235, -109.72143053,    8.07902539,     31.95279018,  -19.21583678,  134.78994008, -101.13191212,     27.45159457], [-1513.59123582,  242.07860067,  466.57374972, -181.4172513 ,    668.20294239, -228.83243097,  188.65217742,   35.27747378,     -7.7979398 ,  151.99916725, -114.63909787,   88.71624292,    -83.35543021], [  857.27770911, -112.60440113, -119.10235317,  210.74459235,   -228.83243097,  342.98136872,  -85.9057003 ,   11.46635591,     29.43361986,  -70.06593125,  118.01853051,  -51.06364412,     77.60187146], [ -655.4061818 ,  108.01251041,  191.50535128, -109.72143053,    188.65217742,  -85.9057003 ,  254.74069725,   47.9373593 ,      8.38508701,   74.24153122,  -89.17110529,   89.26399141,    -23.495014  ], [   -7.62734588,   19.97670891,   37.81311798,    8.07902539,     35.27747378,   11.46635591,   47.9373593 ,  134.89166988,     31.87888462,    6.59687232,    7.0479208 ,   -3.5214711 ,     41.84155138], [   32.11427823,   21.82159565,   32.64108314,   31.95279018,     -7.7979398 ,   29.43361986,    8.38508701,   31.87888462,    131.61246183,   31.15247694,  -20.7348918 ,    9.95838097,    -18.6662298 ], [ -486.82623537,    4.14232517,  161.62337766,  -19.21583678,    151.99916725,  -70.06593125,   74.24153122,    6.59687232,     31.15247694,  143.80721273,   -8.1698724 ,    3.66932362,    -30.84494962], [  463.81127646,  -80.77868214,  -90.95196219,  134.78994008,   -114.63909787,  118.01853051,  -89.17110529,    7.0479208 ,    -20.7348918 ,   -8.1698724 ,  153.18403637,  -22.84156319,     33.61196069], [ -243.00457078,   99.08492825,   38.58835525, -101.13191212,     88.71624292,  -51.06364412,   89.26399141,   -3.5214711 ,      9.95838097,    3.66932362,  -22.84156319,  139.47181994,     13.04810139], [  415.27508944,    6.55422122, -128.21421026,   27.45159457,    -83.35543021,   77.60187146,  -23.495014  ,   41.84155138,    -18.6662298 ,  -30.84494962,   33.61196069,   13.04810139,    129.75176715]]
music/Time/tori_amos+Strange_Little_Girls+07-Time.mp3; [-783.76917   , 242.54579   ,  22.487064  ,  21.607708  , -14.980671  ,    9.948363  ,   7.619482  , -10.654391  ,  -3.4963827 ,  -1.7926474 ,   -6.028996  ,  -8.486725  ,  -0.39961326]; [[ 6855.88778496,  659.63862055,-2579.85900502,  834.51560959,  -1098.44627266,   50.42152912, -153.35412601, -442.28601491,   -102.22420332, -137.24779629,  -39.1281115 , -204.93313048,    104.63458867], [  659.63862055, 1386.88787984,  -66.66285875, -689.56582052,    234.62831719, -164.45880257,  109.34681275, -126.58304186,   -137.22744622,    8.15462733, -112.10716449,   71.93999386,    -81.37546235], [-2579.85900502,  -66.66285875, 1474.46711004, -212.20619837,    250.33685774,   52.57882902,   79.18638056,  158.70033465,     21.26378205,   51.97435316,   16.38045911,   54.87773512,    -32.58658558], [  834.51560959, -689.56582052, -212.20619837,  912.66304464,   -347.13519684,   -0.28546865,  -53.18104539,  -13.44113964,     72.12796654,  -16.47494875,   34.09536862,  -97.23507725,     64.13549069], [-1098.44627266,  234.62831719,  250.33685774, -347.13519684,    561.17461256, -100.81729132,  -13.61714504,  106.97960504,     -0.47853363,   16.2954659 ,  -22.30130434,   92.1649742 ,    -32.70123745], [   50.42152912, -164.45880257,   52.57882902,   -0.28546865,   -100.81729132,  280.70061983,  -20.16150016,   12.62376881,     33.59416233,   -7.28218652,   64.63285959,  -27.76412224,     43.15149264], [ -153.35412601,  109.34681275,   79.18638056,  -53.18104539,    -13.61714504,  -20.16150016,  192.35471944,  -26.63839445,    -28.57635889,   60.73036353,  -36.30100799,   -5.08807346,    -31.08496105], [ -442.28601491, -126.58304186,  158.70033465,  -13.44113964,    106.97960504,   12.62376881,  -26.63839445,  161.50865505,     50.96299131,  -31.27716328,   39.24249569,   30.76689126,     19.78220249], [ -102.22420332, -137.22744622,   21.26378205,   72.12796654,     -0.47853363,   33.59416233,  -28.57635889,   50.96299131,    107.92320883,   16.6242693 ,    9.73221142,    8.84529764,     10.36911981], [ -137.24779629,    8.15462733,   51.97435316,  -16.47494875,     16.2954659 ,   -7.28218652,   60.73036353,  -31.27716328,     16.6242693 ,  119.97951623,   -1.3836515 ,  -27.16423365,     -9.94457867], [  -39.1281115 , -112.10716449,   16.38045911,   34.09536862,    -22.30130434,   64.63285959,  -36.30100799,   39.24249569,      9.73221142,   -1.3836515 ,  109.65977982,   17.24525783,      2.97762951], [ -204.93313048,   71.93999386,   54.87773512,  -97.23507725,     92.1649742 ,  -27.76412224,   -5.08807346,   30.76689126,      8.84529764,  -27.16423365,   17.24525783,  103.47919809,      8.41714892], [  104.63458867,  -81.37546235,  -32.58658558,   64.13549069,    -32.70123745,   43.15149264,  -31.08496105,   19.78220249,     10.36911981,   -9.94457867,    2.97762951,    8.41714892,     86.30602433]]
music/Love_Hurts/heart+The_Road_Home+07-Love_Hurts.mp3; [-707.36536  , 188.11633  , -36.964367 ,  43.36257  , -27.473558 ,   20.797184 ,  -6.612261 ,  10.617629 ,  -1.5580933,  -7.956945 ,   12.936396 , -12.61913  ,   7.7529655]; [[ 9861.72694167,  219.63960322,-2311.65189396, 2148.6267917 ,  -1141.21770226, 1252.48278617, -431.53391447,  817.96677894,    261.95808534,  -15.10303762,  803.60134587, -415.07187531,    567.16958195], [  219.63960322, 1324.51673874, 1055.96579562,  186.32554275,    413.23659236,  132.35754638,  223.32772218,   23.9703197 ,      5.2340671 ,   75.51575364,   60.84316104,  208.20368778,     58.71216087], [-2311.65189396, 1055.96579562, 2225.24464963,   23.59984428,    591.21470644,  -10.66601482,  282.71096744, -175.53936474,   -117.21030824,   14.93786286,  -74.75291197,  386.03507341,     33.1250766 ], [ 2148.6267917 ,  186.32554275,   23.59984428,  977.86943338,    -74.20077299,  366.28087268,  -76.31440627,  233.32301314,     67.60420635,   -8.1133427 ,  232.17902283,   13.19476304,    241.15327732], [-1141.21770226,  413.23659236,  591.21470644,  -74.20077299,    615.49293672,  -98.55123931,  129.98179633,   23.15278248,     53.93977865,  103.74865768,  -58.76066147,  124.17748428,    -41.00455479], [ 1252.48278617,  132.35754638,  -10.66601482,  366.28087268,    -98.55123931,  419.39578374,   34.69143959,  126.0704495 ,     73.48957501,   12.21110012,  142.06434275,  -42.33049279,     91.84632364], [ -431.53391447,  223.32772218,  282.71096744,  -76.31440627,    129.98179633,   34.69143959,  254.00954082,   -9.12987244,      4.17892871,   47.3239884 ,  -45.98141944,   59.43945758,    -33.02746329], [  817.96677894,   23.9703197 , -175.53936474,  233.32301314,     23.15278248,  126.0704495 ,   -9.12987244,  234.29070142,     73.12238725,   24.64437207,  114.07203667,  -44.89276685,     79.15511521], [  261.95808534,    5.2340671 , -117.21030824,   67.60420635,     53.93977865,   73.48957501,    4.17892871,   73.12238725,    160.36696812,   80.23224527,   19.15355768,  -11.86586871,    -13.50918505], [  -15.10303762,   75.51575364,   14.93786286,   -8.1133427 ,    103.74865768,   12.21110012,   47.3239884 ,   24.64437207,     80.23224527,  163.44131804,   50.60471204,    1.58067488,    -25.51073784], [  803.60134587,   60.84316104,  -74.75291197,  232.17902283,    -58.76066147,  142.06434275,  -45.98141944,  114.07203667,     19.15355768,   50.60471204,  204.58250393,    6.53183178,     60.91895872], [ -415.07187531,  208.20368778,  386.03507341,   13.19476304,    124.17748428,  -42.33049279,   59.43945758,  -44.89276685,    -11.86586871,    1.58067488,    6.53183178,  177.74727613,     47.18950928], [  567.16958195,   58.71216087,   33.1250766 ,  241.15327732,    -41.00455479,   91.84632364,  -33.02746329,   79.15511521,    -13.50918505,  -25.51073784,   60.91895872,   47.18950928,    185.32572918]]
music/Love_Hurts/nazareth+_Snaz+15-Love_Hurts.mp3; [-663.0968   , 176.39645  , -62.428078 ,  67.57532  , -25.246183 ,   29.942677 ,  -8.079204 ,   9.765346 ,   7.5658813,  -5.1010184,   15.715601 , -11.493175 ,   9.759903 ]; [[2574.33604031,-128.1454663 ,-576.67384311, 497.17028105,-508.37815775,   441.4729203 ,-359.52515228,  13.03806282,   9.20528846, -66.87051109,   136.74177801,-162.414624  , 165.91145509], [-128.1454663 , 333.43810133, 155.42851707,-103.36212585, 103.81888927,   -76.1244957 ,  53.45563493, -26.40612803,  -0.24844559,  19.40296424,    -5.6158443 ,  40.14995665, -42.04321242], [-576.67384311, 155.42851707, 555.99623912,   8.96081008,  26.28886224,   -58.99108569,  -7.67386339, -19.39054621, -54.79485462,  -3.70882621,    -7.11800872,  35.33959623,   5.71631008], [ 497.17028105,-103.36212585,   8.96081008, 376.8013796 , -29.57059011,    95.14276414, -93.31573313, -36.89890239, -20.34303741, -19.78949803,    -2.04337649, -24.72196164,  81.20617337], [-508.37815775, 103.81888927,  26.28886224, -29.57059011, 356.92957217,   -85.95674603, 127.33133628, -14.72475351,  37.12386477,  54.12624809,   -67.29691996,  52.40372903, -47.8382531 ], [ 441.4729203 , -76.1244957 , -58.99108569,  95.14276414, -85.95674603,   241.78894198, -11.05576452,  31.84013786,  26.04875837,   3.50279894,    42.22014623, -59.45338041,  21.53148029], [-359.52515228,  53.45563493,  -7.67386339, -93.31573313, 127.33133628,   -11.05576452, 268.87705605,  64.16246701,  21.57619813,  38.58996232,   -22.53570957,  20.21349416, -71.02158493], [  13.03806282, -26.40612803, -19.39054621, -36.89890239, -14.72475351,    31.84013786,  64.16246701, 149.90197801,  57.02843822,   9.27975495,    16.92282995, -23.05305599,  -9.47845932], [   9.20528846,  -0.24844559, -54.79485462, -20.34303741,  37.12386477,    26.04875837,  21.57619813,  57.02843822, 130.24269376,  57.2535529 ,    -1.47504545,  -3.9764869 , -24.68343334], [ -66.87051109,  19.40296424,  -3.70882621, -19.78949803,  54.12624809,     3.50279894,  38.58996232,   9.27975495,  57.2535529 , 110.65886362,    36.76142736,  -3.64216075, -24.49615097], [ 136.74177801,  -5.6158443 ,  -7.11800872,  -2.04337649, -67.29691996,    42.22014623, -22.53570957,  16.92282995,  -1.47504545,  36.76142736,   102.09464472,  11.98142435,  -1.30160336], [-162.414624  ,  40.14995665,  35.33959623, -24.72196164,  52.40372903,   -59.45338041,  20.21349416, -23.05305599,  -3.9764869 ,  -3.64216075,    11.98142435,  98.10652377,  23.40726424], [ 165.91145509, -42.04321242,   5.71631008,  81.20617337, -47.8382531 ,    21.53148029, -71.02158493,  -9.47845932, -24.68343334, -24.49615097,    -1.30160336,  23.40726424, 109.30930101]]
music/Tomorrow_Never_Knows/beatles+Revolver+14-Tomorrow_Never_Knows.mp3; [-607.92804 , 148.87666 , -81.32216 ,  82.436066, -49.697914,  45.037468,  -15.118134,  14.411815,  12.058557, -10.680122,  15.906329, -18.942911,    9.029707]; [[ 8139.4129824 , 1803.25075398,-1165.43030992, 1573.69408545,   -841.13958954,  823.58808778, -270.62634042,  216.4382513 ,    145.65279231, -178.567272  ,  258.41142484, -251.4814725 ,    215.45022156], [ 1803.25075398,  645.29121777, -203.93556531,  229.46932011,   -191.97302539,  116.23476883,  -81.57324594,  -13.7467243 ,     -9.87208522,  -55.88337915,   42.34549759,  -56.4657737 ,     31.85046494], [-1165.43030992, -203.93556531,  413.32227043,  -88.02060655,    100.57232934, -101.91407805,   39.93729501,  -40.39527293,    -32.54287267,   21.85422043,  -43.48343579,   39.14782768,    -20.43545845], [ 1573.69408545,  229.46932011,  -88.02060655,  640.77615661,    -97.09059756,  228.25817085,  -36.73603661,   98.45500102,     76.16044458,  -36.60056472,   59.31239692,  -44.33797356,     72.32803294], [ -841.13958954, -191.97302539,  100.57232934,  -97.09059756,    237.84667235,  -42.29867382,   42.63956175,    6.73526858,     15.86048699,   26.55612206,  -29.17402709,   37.81724243,    -26.70453551], [  823.58808778,  116.23476883, -101.91407805,  228.25817085,    -42.29867382,  253.95127904,   68.50432298,   71.53105704,     53.03042893,    5.99084945,   54.40178973,  -35.63374072,     19.2293943 ], [ -270.62634042,  -81.57324594,   39.93729501,  -36.73603661,     42.63956175,   68.50432298,  144.5146537 ,   50.7648192 ,      8.58251767,   28.47335631,   15.96292366,    8.47387608,    -19.3478394 ], [  216.4382513 ,  -13.7467243 ,  -40.39527293,   98.45500102,      6.73526858,   71.53105704,   50.7648192 ,  109.30402507,     59.99245841,    1.63478175,   22.336439  ,   -5.02238278,     11.21218209], [  145.65279231,   -9.87208522,  -32.54287267,   76.16044458,     15.86048699,   53.03042893,    8.58251767,   59.99245841,     94.61180634,   27.79209122,    1.50365623,   -8.52725466,     14.46914669], [ -178.567272  ,  -55.88337915,   21.85422043,  -36.60056472,     26.55612206,    5.99084945,   28.47335631,    1.63478175,     27.79209122,   71.67361647,   24.01347607,   -4.108751  ,     -9.32950821], [  258.41142484,   42.34549759,  -43.48343579,   59.31239692,    -29.17402709,   54.40178973,   15.96292366,   22.336439  ,      1.50365623,   24.01347607,   83.43820276,   11.68030745,     -8.62214606], [ -251.4814725 ,  -56.4657737 ,   39.14782768,  -44.33797356,     37.81724243,  -35.63374072,    8.47387608,   -5.02238278,     -8.52725466,   -4.108751  ,   11.68030745,   71.02039673,     12.78148625], [  215.45022156,   31.85046494,  -20.43545845,   72.32803294,    -26.70453551,   19.2293943 ,  -19.3478394 ,   11.21218209,     14.46914669,   -9.32950821,   -8.62214606,   12.78148625,     70.63822276]]
music/Tomorrow_Never_Knows/phil_collins+Face_Value_+12-Tomorrow_Never_Knows.mp3; [-754.9995   , 137.53331  , -35.670082 ,  70.49093  , -30.704868 ,   24.073229 ,  -4.514094 ,   4.7370386,   8.227949 ,  -3.2346637,    9.350948 ,  -8.6368885,  12.932972 ]; [[32318.52387802, 9175.29129448,-4777.87038745, 5880.10259136,  -3084.12443771, 2539.21857512, -389.83543245,  238.73008237,    576.27666921, -272.20210388,  630.88980424, -894.64176956,   1419.75379757], [ 9175.29129448, 3024.75374314,-1195.95560075, 1499.91836216,   -822.01067999,  611.03399147, -125.32013998,   76.59678201,    151.87107578,  -91.446286  ,  179.32868197, -234.31302425,    367.83848089], [-4777.87038745,-1195.95560075,  968.13047796, -809.25177938,    450.02543715, -361.27122275,   24.65744286,  -16.85649598,    -67.66369461,   30.651964  ,  -89.35453263,  133.36104457,   -213.85093008], [ 5880.10259136, 1499.91836216, -809.25177938, 1331.64892964,   -522.97861831,  515.13713538,  -69.0553903 ,   38.91930317,    148.97916148,  -25.8400076 ,  103.30408112, -165.06587969,    291.21360903], [-3084.12443771, -822.01067999,  450.02543715, -522.97861831,    454.68486638, -185.58026078,   62.62749006,  -12.78101543,    -47.71499103,   43.71044822,  -49.07785222,  104.54950894,   -128.57080045], [ 2539.21857512,  611.03399147, -361.27122275,  515.13713538,   -185.58026078,  436.27101583,   52.67721226,   44.99843647,     50.4951304 ,  -14.12276631,   92.44810735,  -56.00553496,    126.59564323], [ -389.83543245, -125.32013998,   24.65744286,  -69.0553903 ,     62.62749006,   52.67721226,  145.74873186,   45.84688038,     -2.74217617,   27.05082206,   16.73312438,   30.88627462,     -6.96772904], [  238.73008237,   76.59678201,  -16.85649598,   38.91930317,    -12.78101543,   44.99843647,   45.84688038,  107.65888882,     44.73721232,    1.07796817,   28.62949707,    0.74743839,     26.59385954], [  576.27666921,  151.87107578,  -67.66369461,  148.97916148,    -47.71499103,   50.4951304 ,   -2.74217617,   44.73721232,    110.82242884,   34.62294339,    4.6674575 ,    4.90069297,     46.07409954], [ -272.20210388,  -91.446286  ,   30.651964  ,  -25.8400076 ,     43.71044822,  -14.12276631,   27.05082206,    1.07796817,     34.62294339,   89.80723247,   26.54685887,   10.21976643,      1.99332215], [  630.88980424,  179.32868197,  -89.35453263,  103.30408112,    -49.07785222,   92.44810735,   16.73312438,   28.62949707,      4.6674575 ,   26.54685887,   98.99876001,    9.45683389,     22.72408997], [ -894.64176956, -234.31302425,  133.36104457, -165.06587969,    104.54950894,  -56.00553496,   30.88627462,    0.74743839,      4.90069297,   10.21976643,    9.45683389,  101.55427632,     -7.05277231], [ 1419.75379757,  367.83848089, -213.85093008,  291.21360903,   -128.57080045,  126.59564323,   -6.96772904,   26.59385954,     46.07409954,    1.99332215,   22.72408997,   -7.05277231,    141.77411132]]
music/Toys_In_The_Attic/aerosmith+Toys_In_The_Attic+01-Toys_In_The_Attic.mp3; [-621.135    , 170.40172  , -60.70119  ,  81.94318  , -37.091755 ,   32.365784 , -21.51865  ,  11.354562 ,   4.6378155,  -9.444217 ,   11.107921 , -21.163818 ,  12.848099 ]; [[14001.4371483 , 3384.23518936,-2269.18314015, 2111.38262988,  -1445.89209497,  989.63896016, -780.78678443,  309.28935522,     54.08874973, -323.84805407,  368.92662253, -574.16098627,    438.65638591], [ 3384.23518936, 1280.04167665, -412.21002339,  480.62085913,   -216.47686366,  188.09047893,  -91.21120165,   38.16249062,     31.95400193,  -56.93053261,   71.37909317, -108.90177362,     77.14168597], [-2269.18314015, -412.21002339,  594.64762936, -313.50399859,    270.65450108, -134.56733704,  126.77982297,  -35.95771505,     -8.9410302 ,   63.62809585,  -59.15045823,   92.85223594,    -74.70316887], [ 2111.38262988,  480.62085913, -313.50399859,  461.46087672,   -190.69985274,  128.26776993, -153.98440457,   51.92649142,     23.25108672,  -59.19223498,   54.39726805,  -94.67450353,     83.30577836], [-1445.89209497, -216.47686366,  270.65450108, -190.69985274,    292.47883325, -127.53165047,  120.9867168 ,  -42.21942078,      6.94718384,   52.12108081,  -54.71549504,   83.21838214,    -51.75683278], [  989.63896016,  188.09047893, -134.56733704,  128.26776993,   -127.53165047,  213.46938034,  -32.29948732,   45.0200163 ,     -2.83618578,  -11.54398401,   56.38743005,  -56.0301555 ,     41.56092245], [ -780.78678443,  -91.21120165,  126.77982297, -153.98440457,    120.9867168 ,  -32.29948732,  160.49889832,  -13.41189004,     -0.25689607,   36.82932368,  -19.8471588 ,   54.62403214,    -43.48858357], [  309.28935522,   38.16249062,  -35.95771505,   51.92649142,    -42.21942078,   45.0200163 ,  -13.41189004,   73.64684444,     16.77385955,   -8.22258232,   20.20562641,  -15.33954579,     24.74274732], [   54.08874973,   31.95400193,   -8.9410302 ,   23.25108672,      6.94718384,   -2.83618578,   -0.25689607,   16.77385955,     55.45481886,   20.38519755,   -0.89468914,    4.1946295 ,      4.56186126], [ -323.84805407,  -56.93053261,   63.62809585,  -59.19223498,     52.12108081,  -11.54398401,   36.82932368,   -8.22258232,     20.38519755,   64.62042807,    9.63237704,   19.0500354 ,     -8.96408747], [  368.92662253,   71.37909317,  -59.15045823,   54.39726805,    -54.71549504,   56.38743005,  -19.8471588 ,   20.20562641,     -0.89468914,    9.63237704,   62.92429319,   -3.13983935,     14.92984708], [ -574.16098627, -108.90177362,   92.85223594,  -94.67450353,     83.21838214,  -56.0301555 ,   54.62403214,  -15.33954579,      4.1946295 ,   19.0500354 ,   -3.13983935,   68.32163867,     -9.92881901], [  438.65638591,   77.14168597,  -74.70316887,   83.30577836,    -51.75683278,   41.56092245,  -43.48858357,   24.74274732,      4.56186126,   -8.96408747,   14.92984708,   -9.92881901,     61.35143826]]
