music/Rock/Queen - Bohemian Rhapsody.mp3; [-668.0344   , 127.59079  , -14.279398 ,  22.92454  ,  -1.3157339,  -8.04974  ,   1.0017012,   1.9963036,  -9.304772 ,   2.590621 ,  -6.736361 ,  -2.4805193,  -2.4690964]; [[23501.63972731,-2383.09260143,  563.45016706, 1327.60912899, -204.32124799,  909.70399076,  777.08319294,  492.02913572,  226.31667794,  519.86688371,  309.13740523,  184.31271072,   -6.2152888 ], [-2383.09260143, 2315.5934153 , -208.67663074,   34.94735305,  151.52656136,  -57.67907874,   40.15785741,  -42.14075186,   90.88374895,  -37.68341041,   20.69279852,  -28.85363473,  -34.08463683], [  563.45016706, -208.67663074, 1020.62326843,  242.95340083,  193.81026634,  375.10080275,  138.50130097,  140.98360717,  150.04594198,   24.12666867,   69.15235972,   35.6389145 ,  -16.14923553], [ 1327.60912899,   34.94735305,  242.95340083,  744.15216563,  261.50918465,  273.12417844,   89.93710505,   85.76496921,  180.07987357,   43.59044595,   41.52428649,  -13.38610427,   24.23449733], [ -204.32124799,  151.52656136,  193.81026634,  261.50918465,  403.10614761,  176.51136954,   57.42066353,   48.49504037,  100.96262181,   40.64852512,  -10.8024017 ,  -26.39853043,   -5.17275523], [  909.70399076,  -57.67907874,  375.10080275,  273.12417844,  176.51136954,  517.23142229,  221.73302121,  113.84950889,  175.01984229,   54.95422613,  121.63181886,    1.97985625,  -32.94656353], [  777.08319294,   40.15785741,  138.50130097,   89.93710505,   57.42066353,  221.73302121,  404.4018951 ,  151.99136917,   83.57090905,   92.94802376,   73.73697862,   50.02904571,  -44.08658718], [  492.02913572,  -42.14075186,  140.98360717,   85.76496921,   48.49504037,  113.84950889,  151.99136917,  201.79595359,  111.76291872,   49.85683292,   38.57236332,    1.97585746,   -7.91088148], [  226.31667794,   90.88374895,  150.04594198,  180.07987357,  100.96262181,  175.01984229,   83.57090905,  111.76291872,  269.79592011,   71.39070955,   64.71413714,   -6.62474392,  -27.55251875], [  519.86688371,  -37.68341041,   24.12666867,   43.59044595,   40.64852512,   54.95422613,   92.94802376,   49.85683292,   71.39070955,  190.55396869,   54.77323832,   11.50839361,  -38.7926926 ], [  309.13740523,   20.69279852,   69.15235972,   41.52428649,  -10.8024017 ,  121.63181886,   73.73697862,   38.57236332,   64.71413714,   54.77323832,  144.02797072,   34.91797426,   -3.84255069], [  184.31271072,  -28.85363473,   35.6389145 ,  -13.38610427,  -26.39853043,    1.97985625,   50.02904571,    1.97585746,   -6.62474392,   11.50839361,   34.91797426,  121.89246973,   33.71008177], [   -6.2152888 ,  -34.08463683,  -16.14923553,   24.23449733,   -5.17275523,  -32.94656353,  -44.08658718,   -7.91088148,  -27.55251875,  -38.7926926 ,   -3.84255069,   33.71008177,  116.40511432]]
music/Rock/Pink Floyd - Another Brick In The Wall Pt 2.mp3; [-724.6388    , 142.3838    ,  -1.8123598 ,  28.538336  ,  10.6021385 ,   7.4243164 ,   6.137572  ,   1.1311243 ,   1.7539161 ,  -1.2578318 ,   0.86527807,  -1.0601236 ,   2.7302945 ]; [[14374.72453245,  257.56847889,  470.73754381, -159.44975271, -464.84477512, -176.29107547, -180.88535794,  -49.39275677,  291.82529408,  111.72540448, -164.48320398, -171.06209664,  -80.67652072], [  257.56847889, 2248.29616246, -199.86383706,  179.79481223,   50.98074161,  -89.72155008,  -38.53726042,  -80.82479201,   49.27037115,  -55.87040972,   27.52191268, -102.42667634,   37.76411637], [  470.73754381, -199.86383706, 1475.96872932,  237.59445324,  139.61676342,  136.30792384,   63.47906069,  128.56854675,   96.06349989,   58.00400372,  -56.31609968,  -25.81630599,  -32.19635834], [ -159.44975271,  179.79481223,  237.59445324,  522.75672448,   91.65483536,   10.07878307,   44.23040397,   23.89225392,   22.99479617,   17.03276593,  -36.87924657,  -13.68018756,  -12.92543285], [ -464.84477512,   50.98074161,  139.61676342,   91.65483536,  303.54628858,  108.75907219,   -4.33583072,   21.06452805,   18.6592948 ,   -4.15798323,   32.00855551,    7.94844729,   28.77453929], [ -176.29107547,  -89.72155008,  136.30792384,   10.07878307,  108.75907219,  265.8891586 ,  114.39567696,   56.57493423,    7.8579579 ,   14.99632533,   18.27043341,    3.17578823,   -0.31328923], [ -180.88535794,  -38.53726042,   63.47906069,   44.23040397,   -4.33583072,  114.39567696,  197.66479993,   92.28945761,   -5.50786316,   19.26024145,    3.63747298,   13.47163458,  -20.36766841], [  -49.39275677,  -80.82479201,  128.56854675,   23.89225392,   21.06452805,   56.57493423,   92.28945761,  163.09012248,   43.89236037,   34.44274771,   -0.13938953,    6.07581468,  -18.79338728], [  291.82529408,   49.27037115,   96.06349989,   22.99479617,   18.6592948 ,    7.8579579 ,   -5.50786316,   43.89236037,  156.76376918,   50.52402322,   -2.44325276,  -42.40493133,   -9.95140712], [  111.72540448,  -55.87040972,   58.00400372,   17.03276593,   -4.15798323,   14.99632533,   19.26024145,   34.44274771,   50.52402322,  119.50647137,   26.99340577,    8.49026581,  -28.05319264], [ -164.48320398,   27.52191268,  -56.31609968,  -36.87924657,   32.00855551,   18.27043341,    3.63747298,   -0.13938953,   -2.44325276,   26.99340577,  113.69781758,   47.68276043,   14.10410926], [ -171.06209664, -102.42667634,  -25.81630599,  -13.68018756,    7.94844729,    3.17578823,   13.47163458,    6.07581468,  -42.40493133,    8.49026581,   47.68276043,  110.21872261,   33.91780391], [  -80.67652072,   37.76411637,  -32.19635834,  -12.92543285,   28.77453929,   -0.31328923,  -20.36766841,  -18.79338728,   -9.95140712,  -28.05319264,   14.10410926,   33.91780391,  101.57878662]]
music/Rock/Red Hot Chili Peppers - Snow (Hey Oh).mp3; [-516.5025   , 122.513084 ,   5.671405 ,  31.945616 ,   4.02316  ,   3.6252997, -12.853793 ,   1.0626618,  -5.5926995,  -3.3688009,  -2.7477775,  -4.0238714,  -1.9297526]; [[ 8437.450013  ,-1548.75807437,  361.08304855, -144.584608  , -230.48395567,  206.48004956, -142.06634996,   50.71755145,  -31.38062096,  111.87302874,   48.59967654, -117.84424534,  -16.86722257], [-1548.75807437, 1474.7563148 , -223.6777245 ,    5.42472019,   53.88899271,  -21.46899711,  102.78769674,  109.83987545,   48.28810802,  -38.73077   ,   -5.19162967,   43.88583899,   16.73318814], [  361.08304855, -223.6777245 ,  669.303173  ,  -47.10909976,  119.32929689,  193.45636308,   83.02044684,  114.0785811 ,  110.67866551,   30.65997005,   21.88880674,   13.7595818 ,    9.60181968], [ -144.584608  ,    5.42472019,  -47.10909976,  339.66108065,   81.28246049,  -32.41421062,  -13.31297665,  -32.91894898,   13.71835431,   33.74656593,   -2.70569751,   13.12728469,   36.8239088 ], [ -230.48395567,   53.88899271,  119.32929689,   81.28246049,  245.47237224,   88.87867537,   51.59939452,   27.26734449,   27.58178708,   20.95683221,    1.49615821,  -10.41060332,   -7.32108336], [  206.48004956,  -21.46899711,  193.45636308,  -32.41421062,   88.87867537,  211.85694921,   67.65535758,   77.5978427 ,   56.70712075,   24.25474684,   37.4851559 ,    7.4689225 ,   -5.70348441], [ -142.06634996,  102.78769674,   83.02044684,  -13.31297665,   51.59939452,   67.65535758,  184.35904363,   89.00438801,   23.64103513,    2.79114971,   17.09922202,    7.14014228,  -10.78138506], [   50.71755145,  109.83987545,  114.0785811 ,  -32.91894898,   27.26734449,   77.5978427 ,   89.00438801,  161.75814078,   48.4326194 ,   15.25197926,   27.66253   ,    8.97768183,    2.16069625], [  -31.38062096,   48.28810802,  110.67866551,   13.71835431,   27.58178708,   56.70712075,   23.64103513,   48.4326194 ,  139.44545266,   40.84446532,    3.06230892,   23.07846192,   16.58733404], [  111.87302874,  -38.73077   ,   30.65997005,   33.74656593,   20.95683221,   24.25474684,    2.79114971,   15.25197926,   40.84446532,  100.03264014,   44.58662427,   18.74439141,    6.27932839], [   48.59967654,   -5.19162967,   21.88880674,   -2.70569751,    1.49615821,   37.4851559 ,   17.09922202,   27.66253   ,    3.06230892,   44.58662427,  103.07033768,   38.61916279,    9.25831747], [ -117.84424534,   43.88583899,   13.7595818 ,   13.12728469,  -10.41060332,    7.4689225 ,    7.14014228,    8.97768183,   23.07846192,   18.74439141,   38.61916279,   90.95426042,   43.65800964], [  -16.86722257,   16.73318814,    9.60181968,   36.8239088 ,   -7.32108336,   -5.70348441,  -10.78138506,    2.16069625,   16.58733404,    6.27932839,    9.25831747,   43.65800964,   90.04093896]]
music/Rock/Nirvana - Smells Like Teen Spirit.mp3; [-520.13916   ,  97.984245  , -11.509065  ,  41.31241   ,  12.19198   ,  10.993659  ,   2.4696262 ,   2.0326781 ,   4.907132  ,   5.3206577 ,  -3.0466435 ,  -0.50326765,  -4.594487  ]; [[14445.89391419,-1848.27042438, -222.96605697,  -41.18593094, -169.13189504,  310.51866369,   20.54989059,   36.13462297, -126.24564408,  133.79617039, -204.64245872, -163.85049009,  -50.01421781], [-1848.27042438, 1439.65418465, -418.42081315,   28.81162892,  -41.24800057,  -71.64448558,   14.75605298,   13.36148796,   14.81014079,  -43.40898406,   54.65507127,   36.2994441 ,   -6.57373327], [ -222.96605697, -418.42081315,  832.66457027,   28.43812416,  172.19494666,   90.16326886,   75.73583661,   32.74634237,   58.28642986,   42.02289411,   41.84288161,   21.76886614,    2.14966266], [  -41.18593094,   28.81162892,   28.43812416,  398.23404349,   68.23679498,  -42.27760522,  -45.94821996,  -60.88792726,   16.12696786,  -24.17040481,    9.75754502,   13.02878621,   49.62212047], [ -169.13189504,  -41.24800057,  172.19494666,   68.23679498,  180.97115524,   49.96821094,   22.22144966,    9.57041253,   29.33421223,   15.6533808 ,    7.13620533,    7.11109621,    7.75627335], [  310.51866369,  -71.64448558,   90.16326886,  -42.27760522,   49.96821094,  143.77782306,   80.38465016,   40.16778205,    3.06671096,   16.17380614,   -1.52317014,  -10.40317322,   -9.94340158], [   20.54989059,   14.75605298,   75.73583661,  -45.94821996,   22.22144966,   80.38465016,  134.88493095,   59.81182918,    7.04520374,    0.32517851,    8.70284676,    0.55898472,   -2.76295853], [   36.13462297,   13.36148796,   32.74634237,  -60.88792726,    9.57041253,   40.16778205,   59.81182918,  101.93812493,   14.50962225,   11.08222051,   -1.28374685,   -6.80021607,   -9.47561541], [ -126.24564408,   14.81014079,   58.28642986,   16.12696786,   29.33421223,    3.06671096,    7.04520374,   14.50962225,   80.56887844,   29.86727484,   11.92598428,    1.91312894,    0.27526654], [  133.79617039,  -43.40898406,   42.02289411,  -24.17040481,   15.6533808 ,   16.17380614,    0.32517851,   11.08222051,   29.86727484,   77.11844906,   25.86447862,   11.71281287,   -4.30843106], [ -204.64245872,   54.65507127,   41.84288161,    9.75754502,    7.13620533,   -1.52317014,    8.70284676,   -1.28374685,   11.92598428,   25.86447862,   67.94805746,   32.05851328,    4.28616134], [ -163.85049009,   36.2994441 ,   21.76886614,   13.02878621,    7.11109621,  -10.40317322,    0.55898472,   -6.80021607,    1.91312894,   11.71281287,   32.05851328,   66.92861572,   29.61417371], [  -50.01421781,   -6.57373327,    2.14966266,   49.62212047,    7.75627335,   -9.94340158,   -2.76295853,   -9.47561541,    0.27526654,   -4.30843106,    4.28616134,   29.61417371,   59.69106872]]
