music/Sountrack/Game Of Thrones - Main Titles.mp3; [-630.1843   , 187.18492  ,  -9.150328 ,  34.57612  ,  11.122486 ,    4.354409 ,  -1.8273039,   8.681352 ,   4.2023206,   5.8035703,   -1.5223556,   4.00085  ,   5.9744344]; [[16744.13839157, 3572.41665606,-2037.02279687,  144.27091889,   -406.12764556, -100.04320699,  -30.63851228,  304.91629766,     52.23054028,   50.82922378, -339.5764901 , -224.05954143,   -185.17109833], [ 3572.41665606, 1568.48913911, -345.74483749,   60.33925692,      9.22654715,  -70.64677173,  -61.5119966 ,   33.82661806,     27.42159536,    2.47930621,  -64.08906081,  -17.3390148 ,    -13.25918595], [-2037.02279687, -345.74483749,  535.18198662,    2.52370275,    121.23785633,   26.02403961,  -19.82355242,  -51.53443359,    -16.70407704,  -20.71144356,   57.68540617,   39.730998  ,     36.12096956], [  144.27091889,   60.33925692,    2.52370275,  116.7701579 ,      7.1952309 ,   11.07618368,   -3.4439994 ,   -3.46336863,     -2.97863303,   12.77516232,    9.17580448,   10.91314845,     11.33958137], [ -406.12764556,    9.22654715,  121.23785633,    7.1952309 ,    121.79253947,   29.24625603,   -8.19009491,  -10.38359502,      1.56182145,  -10.16676611,    8.10759797,    7.24860618,      5.5937571 ], [ -100.04320699,  -70.64677173,   26.02403961,   11.07618368,     29.24625603,   87.50654737,   36.31867498,   14.36743677,     -0.52578876,    2.80205538,   10.78041309,    0.5525864 ,     -2.28720533], [  -30.63851228,  -61.5119966 ,  -19.82355242,   -3.4439994 ,     -8.19009491,   36.31867498,   70.05691192,   33.91214098,     10.40167132,    7.20228475,    0.97905365,   -4.26447841,     -6.96283816], [  304.91629766,   33.82661806,  -51.53443359,   -3.46336863,    -10.38359502,   14.36743677,   33.91214098,   67.6204259 ,     28.28178748,    6.31164931,   -9.19897681,   -7.18454212,     -4.97379892], [   52.23054028,   27.42159536,  -16.70407704,   -2.97863303,      1.56182145,   -0.52578876,   10.40167132,   28.28178748,     55.34611229,   19.81765646,   -0.56704411,   -0.56296891,     -3.33342227], [   50.82922378,    2.47930621,  -20.71144356,   12.77516232,    -10.16676611,    2.80205538,    7.20228475,    6.31164931,     19.81765646,   51.83578581,   21.39750213,    2.66700745,     -1.65288255], [ -339.5764901 ,  -64.08906081,   57.68540617,    9.17580448,      8.10759797,   10.78041309,    0.97905365,   -9.19897681,     -0.56704411,   21.39750213,   56.39898007,   25.18488333,      8.58588543], [ -224.05954143,  -17.3390148 ,   39.730998  ,   10.91314845,      7.24860618,    0.5525864 ,   -4.26447841,   -7.18454212,     -0.56296891,    2.66700745,   25.18488333,   48.77360342,     22.97259274], [ -185.17109833,  -13.25918595,   36.12096956,   11.33958137,      5.5937571 ,   -2.28720533,   -6.96283816,   -4.97379892,     -3.33342227,   -1.65288255,    8.58588543,   22.97259274,     49.46078821]]
music/Sountrack/The Witcher 3 - The Fields of Ard Skellig.mp3; [-768.63544   , 183.02596   ,  18.064154  ,  14.974831  ,   1.9665008 ,    0.14422402,  -0.63303584,   4.344271  ,  -7.4370055 ,  -0.39947006,   -2.3689978 ,  -4.472685  ,   1.3922126 ]; [[10237.02175649, -814.62016463,-2508.05355651, -177.58742865,   -506.23358775, -620.41644899, -376.63491166,   88.19074479,   -150.23098163,  229.02444927, -206.15598237, -187.27923483,    184.45004864], [ -814.62016463, 1722.78317681,  167.22400209, -135.48023359,    -51.36717552,  177.2946994 ,  132.50069908,  -99.30797607,    150.29885183,  -45.87334052,  -33.65360784,   23.61301002,     10.58226659], [-2508.05355651,  167.22400209, 1758.91366934,   17.21385719,    358.44506691,  265.82390162,  232.65613165,  194.34925887,   -186.68543005,  -73.29348202,  278.70784499,  167.03729718,    -59.49619604], [ -177.58742865, -135.48023359,   17.21385719,  469.13129862,    153.77153017,   57.25738151,  -17.03315819,    7.20180657,     87.38232605,   72.27347334,   11.10455614,   20.4814546 ,     28.24063962], [ -506.23358775,  -51.36717552,  358.44506691,  153.77153017,    362.25674215,  109.83664356,    2.88294467,   72.57069711,     -9.92155001,   -6.65418337,   95.38047069,   29.98562581,     -3.80803453], [ -620.41644899,  177.2946994 ,  265.82390162,   57.25738151,    109.83664356,  261.13392497,  114.01983236,   16.86162757,     50.69932003,    4.08567323,   61.84569651,   33.39318662,    -15.67456086], [ -376.63491166,  132.50069908,  232.65613165,  -17.03315819,      2.88294467,  114.01983236,  238.82600804,   76.61578522,    -38.67781406,   15.14206551,   59.27181342,   47.81777328,     -7.59752304], [   88.19074479,  -99.30797607,  194.34925887,    7.20180657,     72.57069711,   16.86162757,   76.61578522,  193.06351213,    -66.76329388,   12.26076177,   77.98134234,   27.65154152,    -10.34385452], [ -150.23098163,  150.29885183, -186.68543005,   87.38232605,     -9.92155001,   50.69932003,  -38.67781406,  -66.76329388,    288.15936486,   43.75887223,  -72.86365678,  -13.00459403,     48.37723224], [  229.02444927,  -45.87334052,  -73.29348202,   72.27347334,     -6.65418337,    4.08567323,   15.14206551,   12.26076177,     43.75887223,  135.67648352,   30.69228789,    5.88818144,     14.59904542], [ -206.15598237,  -33.65360784,  278.70784499,   11.10455614,     95.38047069,   61.84569651,   59.27181342,   77.98134234,    -72.86365678,   30.69228789,  187.15805194,   65.0581334 ,    -13.033522  ], [ -187.27923483,   23.61301002,  167.03729718,   20.4814546 ,     29.98562581,   33.39318662,   47.81777328,   27.65154152,    -13.00459403,    5.88818144,   65.0581334 ,  123.61060159,     36.07206411], [  184.45004864,   10.58226659,  -59.49619604,   28.24063962,     -3.80803453,  -15.67456086,   -7.59752304,  -10.34385452,     48.37723224,   14.59904542,  -13.033522  ,   36.07206411,    133.18559872]]
music/Sountrack/Mass Effect 3 - Leaving Earth.mp3; [-758.23145   , 196.38103   ,  28.69346   ,  20.807629  ,  -2.6204562 ,    6.3004785 ,   9.147705  ,  11.269688  ,   3.156339  ,   2.410538  ,   -3.8849785 ,  -1.231913  ,   0.68179834]; [[27677.91551184,  764.07453658,-5269.58226145, 1916.72829386,     72.7354632 ,  103.66073918, -519.43926477, -240.13158516,   -512.62480272,   91.61879259, -233.30195028,  221.25999475,    324.23263565], [  764.07453658, 2588.37803637,  633.52028349, -346.15807658,   -149.90545609,   -3.55278558,  109.87107604,  131.13193998,    104.34275466,   20.62400494,   -7.9737331 ,  -50.24058917,     -9.35226996], [-5269.58226145,  633.52028349, 1863.17089947, -349.74556688,    -57.24106833,  -47.82525576,  121.34918136,   80.20014345,    153.25171122,   -9.56289228,   72.40991521,  -21.23033451,    -65.67654701], [ 1916.72829386, -346.15807658, -349.74556688,  485.91606938,     61.70058132,    0.28656363,  -47.10467581,  -38.28684117,    -79.5011324 ,   -3.04788697,  -13.72755136,   51.23163716,     50.21364054], [   72.7354632 , -149.90545609,  -57.24106833,   61.70058132,    179.13649463,   73.85294915,  -18.52384056,  -52.02421042,    -21.46946617,    7.25627831,   24.18269737,   19.34425034,    -11.26129065], [  103.66073918,   -3.55278558,  -47.82525576,    0.28656363,     73.85294915,  122.73153416,   41.67579198,   -7.58266222,     -7.85782627,    5.16898964,    9.91855833,    2.2614587 ,     -7.48572998], [ -519.43926477,  109.87107604,  121.34918136,  -47.10467581,    -18.52384056,   41.67579198,  117.62902091,   70.89812807,     20.7026741 ,   -5.355494  ,   -5.45421915,  -11.79019185,      1.06625579], [ -240.13158516,  131.13193998,   80.20014345,  -38.28684117,    -52.02421042,   -7.58266222,   70.89812807,  100.90295798,     46.10866514,   -0.243163  ,  -11.10336563,  -12.53926527,      6.22524441], [ -512.62480272,  104.34275466,  153.25171122,  -79.5011324 ,    -21.46946617,   -7.85782627,   20.7026741 ,   46.10866514,     84.74439193,   29.62878472,    9.95386847,   -7.89708036,     -5.08229481], [   91.61879259,   20.62400494,   -9.56289228,   -3.04788697,      7.25627831,    5.16898964,   -5.355494  ,   -0.243163  ,     29.62878472,   58.20312464,   33.42631304,    9.5092812 ,     -3.73443013], [ -233.30195028,   -7.9737331 ,   72.40991521,  -13.72755136,     24.18269737,    9.91855833,   -5.45421915,  -11.10336563,      9.95386847,   33.42631304,   66.86949812,   27.73212191,    -13.83828727], [  221.25999475,  -50.24058917,  -21.23033451,   51.23163716,     19.34425034,    2.2614587 ,  -11.79019185,  -12.53926527,     -7.89708036,    9.5092812 ,   27.73212191,   55.40274406,     24.28533585], [  324.23263565,   -9.35226996,  -65.67654701,   50.21364054,    -11.26129065,   -7.48572998,    1.06625579,    6.22524441,     -5.08229481,   -3.73443013,  -13.83828727,   24.28533585,     63.80771981]]
music/Sountrack/Lord Of The Rings - The Battle Of The Pelennor Fields.mp3; [-724.8729    , 195.27306   ,  -2.884335  ,  18.98176   ,   2.9313622 ,   -1.0356699 ,  -1.1793487 ,   2.8040576 ,  -1.0173162 ,   2.023512  ,   -0.47451204,  -0.3514905 ,  -0.8160909 ]; [[17748.68775747, -857.05874045,-2792.68567598,  690.4538561 ,   -292.62121383,  352.02265699,  209.31884743,  350.4502834 ,   -366.96857428,   -5.74124951,   20.81957696,  -11.34876592,    -88.54481226], [ -857.05874045, 1504.5531602 ,  -88.17790878,  -80.53279619,    -33.83670972, -167.73197895,  -59.50149547, -102.8431685 ,     42.85463718,   -8.8108733 ,  -30.95957157,    5.21524787,     20.95924023], [-2792.68567598,  -88.17790878,  803.15479881, -138.91448634,     94.43062581,   -7.55725199,  -54.48446487,  -36.17190655,     60.34737795,   12.04734608,   16.10336303,   -5.23289396,      3.2409501 ], [  690.4538561 ,  -80.53279619, -138.91448634,  165.29196487,      0.98666242,   37.38849649,   44.07695023,   21.45520191,     -9.81825567,   -6.15811324,   -1.41023705,   -0.2722357 ,     -4.75642651], [ -292.62121383,  -33.83670972,   94.43062581,    0.98666242,     80.83476123,   32.52234227,    2.77744802,    5.24518619,      4.53042737,   -0.0300449 ,    3.99798379,   -0.52756   ,     -1.33834408], [  352.02265699, -167.73197895,   -7.55725199,   37.38849649,     32.52234227,  111.32815723,   32.51622029,   30.0047297 ,     -8.74936015,   -1.67236749,    7.82505379,    2.55263596,    -11.11232693], [  209.31884743,  -59.50149547,  -54.48446487,   44.07695023,      2.77744802,   32.51622029,   78.26723763,   26.534491  ,     -4.29072855,   -3.31889332,   -2.15832142,   -0.1210743 ,     -2.13634947], [  350.4502834 , -102.8431685 ,  -36.17190655,   21.45520191,      5.24518619,   30.0047297 ,   26.534491  ,   64.0945343 ,      7.24806998,    0.91554204,    4.59154671,   -5.3551176 ,     -6.52707323], [ -366.96857428,   42.85463718,   60.34737795,   -9.81825567,      4.53042737,   -8.74936015,   -4.29072855,    7.24806998,     55.20338243,   13.35521464,   -0.14832461,   -1.91874363,     -0.3467778 ], [   -5.74124951,   -8.8108733 ,   12.04734608,   -6.15811324,     -0.0300449 ,   -1.67236749,   -3.31889332,    0.91554204,     13.35521464,   43.32309778,   12.70145306,   -0.02696289,      0.40319731], [   20.81957696,  -30.95957157,   16.10336303,   -1.41023705,      3.99798379,    7.82505379,   -2.15832142,    4.59154671,     -0.14832461,   12.70145306,   44.6273315 ,   14.554506  ,      0.25968624], [  -11.34876592,    5.21524787,   -5.23289396,   -0.2722357 ,     -0.52756   ,    2.55263596,   -0.1210743 ,   -5.3551176 ,     -1.91874363,   -0.02696289,   14.554506  ,   43.43148546,     14.06331749], [  -88.54481226,   20.95924023,    3.2409501 ,   -4.75642651,     -1.33834408,  -11.11232693,   -2.13634947,   -6.52707323,     -0.3467778 ,    0.40319731,    0.25968624,   14.06331749,     40.71419755]]
music/Sountrack/Flesh And Bone - Dakini_ Movement IV.mp3; [-683.4647   , 185.6192   , -20.64736  ,  20.596142 ,  -2.9552982,   -3.647363 ,  -8.209694 ,   6.118267 ,   1.1570318,   5.4595785,   -2.4040496,  -2.264956 ,  -4.943297 ]; [[10436.82639838,  448.85484217, -821.57167458,  475.48184745,   -434.19589342,  -85.44205071, -509.30595288, -149.66561832,   -512.50642903, -330.76411288, -356.93529499, -140.45131742,    -83.63599109], [  448.85484217, 1709.64786562, -137.51399057,  -39.43697671,    123.27904191,  -51.80676767,   12.14382417,   -2.49581479,     82.46107435,   47.33261931,   33.33530507,   -9.29526407,     20.61282201], [ -821.57167458, -137.51399057,  431.68208048,   68.34775511,    166.3539584 ,   99.30954802,  102.43786986,   16.27673551,     17.1406483 ,   -1.65918631,   11.72991449,   34.36172257,     37.5289324 ], [  475.48184745,  -39.43697671,   68.34775511,  305.50136968,     82.7104336 ,   72.41895573,   20.02841545,    0.88628495,    -51.39350265,  -36.89604977,  -12.59731006,   10.99611309,     33.41173875], [ -434.19589342,  123.27904191,  166.3539584 ,   82.7104336 ,    231.29391178,   83.63771979,   73.09829983,   -1.28854197,     -1.92571843,   -9.63746813,    8.88613103,   25.75826001,     36.08673274], [  -85.44205071,  -51.80676767,   99.30954802,   72.41895573,     83.63771979,  131.37135704,   51.92480693,   12.12674852,     -2.3225439 ,   -8.13410396,    9.70341641,   17.74835721,     17.50583879], [ -509.30595288,   12.14382417,  102.43786986,   20.02841545,     73.09829983,   51.92480693,  139.3421493 ,   27.4754112 ,     34.18742939,   14.65805951,   25.05810424,   24.566124  ,     15.94576917], [ -149.66561832,   -2.49581479,   16.27673551,    0.88628495,     -1.28854197,   12.12674852,   27.4754112 ,  112.3738111 ,     65.7384618 ,   36.64312026,   24.98507336,    9.73038537,     -0.84242164], [ -512.50642903,   82.46107435,   17.1406483 ,  -51.39350265,     -1.92571843,   -2.3225439 ,   34.18742939,   65.7384618 ,    163.81203585,   81.71357317,   46.3153616 ,   10.67133546,    -16.79865419], [ -330.76411288,   47.33261931,   -1.65918631,  -36.89604977,     -9.63746813,   -8.13410396,   14.65805951,   36.64312026,     81.71357317,  124.58924269,   48.88787012,    0.26533164,    -10.40677148], [ -356.93529499,   33.33530507,   11.72991449,  -12.59731006,      8.88613103,    9.70341641,   25.05810424,   24.98507336,     46.3153616 ,   48.88787012,  105.08795336,   28.30676941,     -1.98955384], [ -140.45131742,   -9.29526407,   34.36172257,   10.99611309,     25.75826001,   17.74835721,   24.566124  ,    9.73038537,     10.67133546,    0.26533164,   28.30676941,   93.14497106,     40.15535504], [  -83.63599109,   20.61282201,   37.5289324 ,   33.41173875,     36.08673274,   17.50583879,   15.94576917,   -0.84242164,    -16.79865419,  -10.40677148,   -1.98955384,   40.15535504,    106.84060723]]
music/Sountrack/Pirates Of The Carribean - Hans Zimmer - Davy Jones.mp3; [-864.3149    , 139.55441   ,  -4.1959577 ,   0.23447627,  -5.0118327 ,    0.8600152 ,   6.2177114 ,  10.660424  ,   8.808242  ,   7.1703744 ,    0.90711457,  -1.962527  ,   0.40388638]; [[36635.62474432, 9389.22046074,-1638.66021496, 4686.09109384,   1877.02724654,  626.8883983 ,-1042.36152057, -767.81182838,  -1112.28376314, -402.59485215,  236.85459826,  612.21209678,    167.61233893], [ 9389.22046074, 4147.12511796,  -80.44648602, 1497.61291969,    820.72872942,  213.27513145, -307.04422434, -371.94225641,   -401.22095668, -166.06717748,   45.5341291 ,  157.5071177 ,     50.63752463], [-1638.66021496,  -80.44648602,  532.37774908,  -67.51064574,    -12.41656605,  -48.24055701,   32.6882409 ,   17.20543662,     12.25046989,  -25.13399408,  -32.69942915,  -34.04877428,     -4.59757234], [ 4686.09109384, 1497.61291969,  -67.51064574,  923.44702405,    411.42669914,   87.4524434 , -199.34456439, -162.07838472,   -185.54552893,  -84.32250793,  -18.4762348 ,   58.2405812 ,     31.71812756], [ 1877.02724654,  820.72872942,  -12.41656605,  411.42669914,    378.05557917,  134.43449952,  -83.24855914, -143.10281629,   -124.00035517,  -66.67922257,  -18.75827872,   21.80428649,     33.92093257], [  626.8883983 ,  213.27513145,  -48.24055701,   87.4524434 ,    134.43449952,  149.26928954,   40.74065601,  -37.81099431,    -61.32698842,  -36.01517236,   -0.07600938,   22.95412319,     20.4792364 ], [-1042.36152057, -307.04422434,   32.6882409 , -199.34456439,    -83.24855914,   40.74065601,  182.49932088,  107.66649665,     35.03656162,  -20.97576669,  -20.18046259,   -8.38054645,     12.05419737], [ -767.81182838, -371.94225641,   17.20543662, -162.07838472,   -143.10281629,  -37.81099431,  107.66649665,  174.9419416 ,    115.66322541,   20.08994508,  -31.37820606,  -31.88630552,     -6.90441836], [-1112.28376314, -401.22095668,   12.25046989, -185.54552893,   -124.00035517,  -61.32698842,   35.03656162,  115.66322541,    178.53579143,   87.2627185 ,  -23.58723568,  -64.15195165,    -20.58054409], [ -402.59485215, -166.06717748,  -25.13399408,  -84.32250793,    -66.67922257,  -36.01517236,  -20.97576669,   20.08994508,     87.2627185 ,  138.944253  ,   58.55129855,  -10.6247355 ,    -25.80123131], [  236.85459826,   45.5341291 ,  -32.69942915,  -18.4762348 ,    -18.75827872,   -0.07600938,  -20.18046259,  -31.37820606,    -23.58723568,   58.55129855,  130.27285623,   90.30317246,      8.72694974], [  612.21209678,  157.5071177 ,  -34.04877428,   58.2405812 ,     21.80428649,   22.95412319,   -8.38054645,  -31.88630552,    -64.15195165,  -10.6247355 ,   90.30317246,  142.20042388,     60.60100362], [  167.61233893,   50.63752463,   -4.59757234,   31.71812756,     33.92093257,   20.4792364 ,   12.05419737,   -6.90441836,    -20.58054409,  -25.80123131,    8.72694974,   60.60100362,    104.31985477]]
music/Sountrack/The Hobbit 3 - Howard Shore_Ironfoot [Extended Version].mp3; [-707.0405   , 183.84563  ,  -4.7306437,  21.090923 ,   3.3199034,    2.9723291,  -2.8708415,   1.4955182,  -1.9821438,   5.236596 ,    1.2788486,   2.170788 ,   5.6422644]; [[14421.78028054,  402.04742923,-1009.5729648 ,  876.86094162,   -330.11835248,  379.5239372 ,   64.4601856 ,  385.24850393,    190.84238769,  332.66389271,   93.45591058,  121.21569645,    103.68051409], [  402.04742923, 1742.82205443,   36.677088  ,  -87.63061796,     47.53779184, -150.59470884,  -59.33919552,  -43.64008658,    -50.07304851,  -69.69398764,  -14.42500398,  -17.37553995,     -7.80735105], [-1009.5729648 ,   36.677088  ,  394.55193407,   -4.50446373,    101.55254191,   80.93221926,   52.91995829,   19.74974767,     51.84067862,   34.03122177,   22.05773213,   10.22846682,     17.37259241], [  876.86094162,  -87.63061796,   -4.50446373,  251.12415061,     41.02262672,   89.98858321,   45.06580937,   56.96768891,     50.89595328,   52.70515213,   10.05452   ,   23.74983633,     38.8693915 ], [ -330.11835248,   47.53779184,  101.55254191,   41.02262672,    169.97895308,  111.69300173,   48.0549055 ,    4.35132435,     39.70522914,   42.38937605,   28.42712019,    6.18897683,      1.2408652 ], [  379.5239372 , -150.59470884,   80.93221926,   89.98858321,    111.69300173,  285.6126662 ,  140.70349037,   48.58388913,     59.03856085,   94.36975811,   59.30911359,   51.90669352,     12.28770405], [   64.4601856 ,  -59.33919552,   52.91995829,   45.06580937,     48.0549055 ,  140.70349037,  154.05940516,   65.61445656,     21.21847587,   38.11921442,   37.31216473,   48.17155345,      5.54121666], [  385.24850393,  -43.64008658,   19.74974767,   56.96768891,      4.35132435,   48.58388913,   65.61445656,  125.63745026,     46.32358356,   13.84235009,   11.45510991,   29.6863899 ,     27.0721209 ], [  190.84238769,  -50.07304851,   51.84067862,   50.89595328,     39.70522914,   59.03856085,   21.21847587,   46.32358356,    121.38780612,   62.9468552 ,   13.10200258,  -11.57063385,     23.27872356], [  332.66389271,  -69.69398764,   34.03122177,   52.70515213,     42.38937605,   94.36975811,   38.11921442,   13.84235009,     62.9468552 ,  127.40290458,   46.60322654,    2.06324604,      1.13425188], [   93.45591058,  -14.42500398,   22.05773213,   10.05452   ,     28.42712019,   59.30911359,   37.31216473,   11.45510991,     13.10200258,   46.60322654,  100.40921838,   47.585637  ,     -6.2659398 ], [  121.21569645,  -17.37553995,   10.22846682,   23.74983633,      6.18897683,   51.90669352,   48.17155345,   29.6863899 ,    -11.57063385,    2.06324604,   47.585637  ,  119.93845051,     22.83003054], [  103.68051409,   -7.80735105,   17.37259241,   38.8693915 ,      1.2408652 ,   12.28770405,    5.54121666,   27.0721209 ,     23.27872356,    1.13425188,   -6.2659398 ,   22.83003054,    126.67228792]]
music/Sountrack/Vikings - Floki Appears to Kill Athelstan.mp3; [-746.00635  , 170.17076  ,  21.378876 ,  24.779024 ,  23.276468 ,   11.673966 ,  -5.104998 ,   8.481091 ,  -2.6586401,   3.7509444,    3.566779 ,   4.751698 ,   7.576006 ]; [[7963.61934399,1205.05132578, 285.11839978, 543.28290312, 143.58003496,   110.0595066 , 335.66823587, 620.67268103,  -1.3510601 , 133.00815771,   207.54681548, 293.83609492,  92.88732843], [1205.05132578,1702.56565957,-198.78260512, -57.25278468, 107.67649974,    34.88317708,  -3.19110876,  41.61431316, -14.54629606, -30.82283118,    34.64366615,  17.84973732,  29.2742492 ], [ 285.11839978,-198.78260512, 727.52265875, 307.18988821,  94.62914172,     8.3907854 , 299.8494805 , 267.14153332,  42.53796943,  87.50061992,    91.24126714, 152.60022863,  87.25906194], [ 543.28290312, -57.25278468, 307.18988821, 386.53890259,  44.377374  ,   -27.04993185, 221.39697045, 180.93090995,  10.47437602,  47.09589254,    54.19113822,  79.48752307,  37.87789889], [ 143.58003496, 107.67649974,  94.62914172,  44.377374  , 371.78282518,    17.35010768,   9.02048515,  34.89395384,  54.0536165 ,  23.30581682,    50.50094598,  97.43324061,  73.75847795], [ 110.0595066 ,  34.88317708,   8.3907854 , -27.04993185,  17.35010768,   110.71680303, -19.12088351,  -0.03667608,   9.13232415,  24.6580856 ,    21.91308148,  -5.64346014,  17.90973747], [ 335.66823587,  -3.19110876, 299.8494805 , 221.39697045,   9.02048515,   -19.12088351, 296.20569942, 219.80964602,  18.87446434,  32.16047746,    77.56920159,  95.51691283,  52.39154442], [ 620.67268103,  41.61431316, 267.14153332, 180.93090995,  34.89395384,    -0.03667608, 219.80964602, 318.39786264,  16.05369998,   1.43659574,   105.27187527, 112.7074596 ,  51.5485732 ], [  -1.3510601 , -14.54629606,  42.53796943,  10.47437602,  54.0536165 ,     9.13232415,  18.87446434,  16.05369998,  72.92935788,  12.93379071,     9.49404747,  26.2818093 ,  14.57254446], [ 133.00815771, -30.82283118,  87.50061992,  47.09589254,  23.30581682,    24.6580856 ,  32.16047746,   1.43659574,  12.93379071, 103.92699969,    23.77927624,  -5.75811106,  30.37969433], [ 207.54681548,  34.64366615,  91.24126714,  54.19113822,  50.50094598,    21.91308148,  77.56920159, 105.27187527,   9.49404747,  23.77927624,   112.0696936 ,  58.0050293 ,  46.462187  ], [ 293.83609492,  17.84973732, 152.60022863,  79.48752307,  97.43324061,    -5.64346014,  95.51691283, 112.7074596 ,  26.2818093 ,  -5.75811106,    58.0050293 , 136.41284619,  45.18943319], [  92.88732843,  29.2742492 ,  87.25906194,  37.87789889,  73.75847795,    17.90973747,  52.39154442,  51.5485732 ,  14.57254446,  30.37969433,    46.462187  ,  45.18943319, 102.87002091]]
