music/PUNISH2.mp3; [-503.73306   ,  99.14531   , -28.378506  ,  38.327827  ,   7.8729615 ,   14.716998  ,  -1.1545253 ,   4.1171594 ,   7.388111  ,   0.39765078,   -0.5742634 ,   5.6190147 ,  -3.768053  ]; [[2122.82407936,  25.11596732, 577.12471356, 362.94772666, 238.33525333,   233.7422769 , 242.54329379,  62.6943699 ,  61.02792932,  12.15062071,   -10.4628919 ,  58.87780566,  26.48895455], [  25.11596732, 351.48972891,  -7.28172005, 199.46357669,   5.98442771,    85.10084968,  41.70883753,  24.8531386 ,   7.09402798, -16.10247982,     6.80023624,  20.09769495,   7.49680717], [ 577.12471356,  -7.28172005, 363.20896211, 160.14895403, 169.31642986,    71.68635727, 108.53795284,  48.93975597,  30.6506364 ,  33.65743155,    10.43044705,  36.04173099,  28.90617077], [ 362.94772666, 199.46357669, 160.14895403, 573.73657451, 136.00262721,   144.82181643, -11.59961734,  -6.23415383,  23.33346305, -16.04015046,    -1.81478156,  21.59022048,   7.38577027], [ 238.33525333,   5.98442771, 169.31642986, 136.00262721, 196.72269999,    76.86990392,  54.27732841,   8.88736006,  36.57710871,  30.37190904,    11.46339587,  16.76698273,  15.80677431], [ 233.7422769 ,  85.10084968,  71.68635727, 144.82181643,  76.86990392,   141.57512072,  73.14579243,  22.51657518,  19.55804336,   0.73073621,     6.54519903,  18.35554694,   6.03827087], [ 242.54329379,  41.70883753, 108.53795284, -11.59961734,  54.27732841,    73.14579243, 165.30605001,  73.60256596,  16.00403687,   8.56562602,    12.23516564,  25.12208438,  12.9858267 ], [  62.6943699 ,  24.8531386 ,  48.93975597,  -6.23415383,   8.88736006,    22.51657518,  73.60256596, 102.16736524,  26.69932083,  27.24709385,    13.34154591,  17.74448242,  17.06265802], [  61.02792932,   7.09402798,  30.6506364 ,  23.33346305,  36.57710871,    19.55804336,  16.00403687,  26.69932083,  77.64923756,  34.95938301,    16.18959156,   8.08621078,   8.99733779], [  12.15062071, -16.10247982,  33.65743155, -16.04015046,  30.37190904,     0.73073621,   8.56562602,  27.24709385,  34.95938301,  75.85798628,    35.60906498,  10.46614634,  10.37957366], [ -10.4628919 ,   6.80023624,  10.43044705,  -1.81478156,  11.46339587,     6.54519903,  12.23516564,  13.34154591,  16.18959156,  35.60906498,    58.0807949 ,  27.83983959,  10.94696228], [  58.87780566,  20.09769495,  36.04173099,  21.59022048,  16.76698273,    18.35554694,  25.12208438,  17.74448242,   8.08621078,  10.46614634,    27.83983959,  53.02789048,  26.91620071], [  26.48895455,   7.49680717,  28.90617077,   7.38577027,  15.80677431,     6.03827087,  12.9858267 ,  17.06265802,   8.99733779,  10.37957366,    10.94696228,  26.91620071,  50.39015871]]
music/eguitar.mp3; [-731.56323   , 136.47054   , -26.655533  ,  21.003246  , -22.065046  ,    1.22934   ,  -2.7693608 ,   5.7514477 ,  -2.3784747 ,   1.3458064 ,   -1.971062  ,   2.7993524 ,  -0.24986885]; [[11504.58216454,-1210.9102428 , -933.93810733, 1413.73584474,   -827.52025146,  260.65647157,-1117.5492842 ,  181.50122333,   -385.96442589, -424.41074438, -310.0218774 , -268.62505784,   -491.77484963], [-1210.9102428 , 4055.02732719, 1190.63262016,  521.38474493,    907.39805674,  116.16753316,  507.01016728,   76.61552599,    136.43929592,   40.32589565, -180.47957945, -499.54937389,   -197.85604988], [ -933.93810733, 1190.63262016,  692.98548844,  227.9006642 ,    393.04668708,  127.31050423,  203.80158083,    7.75124716,     26.08776967,   71.12111608,  -85.28474592, -176.31601461,    -48.828415  ], [ 1413.73584474,  521.38474493,  227.9006642 ,  631.8396754 ,    166.8991232 ,  221.39495163,  -19.29777741,   91.3335833 ,     19.76552019,  -16.12522325,  -39.63571631, -100.28365971,    -97.86527202], [ -827.52025146,  907.39805674,  393.04668708,  166.8991232 ,    350.67300497,   99.7663002 ,  191.89229434,   27.88339123,     71.74940738,   56.58177233,  -20.05073579,  -82.11887544,    -13.05423359], [  260.65647157,  116.16753316,  127.31050423,  221.39495163,     99.7663002 ,  154.40706507,   46.57641166,   51.12018322,     15.42414063,   10.16089532,   -5.28234237,  -10.88801979,     -8.8837915 ], [-1117.5492842 ,  507.01016728,  203.80158083,  -19.29777741,    191.89229434,   46.57641166,  245.28128836,   65.49849132,     73.09177002,   34.41671899,   13.71641725,  -13.15179153,     32.69044722], [  181.50122333,   76.61552599,    7.75124716,   91.3335833 ,     27.88339123,   51.12018322,   65.49849132,  108.00273343,     48.69064436,   -2.11421166,    5.02214012,   -0.4184395 ,    -11.56066785], [ -385.96442589,  136.43929592,   26.08776967,   19.76552019,     71.74940738,   15.42414063,   73.09177002,   48.69064436,    107.94623996,   61.76794366,   45.92468649,   22.05925921,      4.08848258], [ -424.41074438,   40.32589565,   71.12111608,  -16.12522325,     56.58177233,   10.16089532,   34.41671899,   -2.11421166,     61.76794366,  104.21923323,   52.41721922,   11.82656825,      3.22516071], [ -310.0218774 , -180.47957945,  -85.28474592,  -39.63571631,    -20.05073579,   -5.28234237,   13.71641725,    5.02214012,     45.92468649,   52.41721922,  128.11814806,  104.46006605,     40.91346186], [ -268.62505784, -499.54937389, -176.31601461, -100.28365971,    -82.11887544,  -10.88801979,  -13.15179153,   -0.4184395 ,     22.05925921,   11.82656825,  104.46006605,  186.51935792,     86.85927585], [ -491.77484963, -197.85604988,  -48.828415  ,  -97.86527202,    -13.05423359,   -8.8837915 ,   32.69044722,  -11.56066785,      4.08848258,    3.22516071,   40.91346186,   86.85927585,     93.19590754]]
music/TURCA3.mp3; [-904.3868   , 185.34695  ,  -5.892433 , -36.74699  , -16.053898 ,   -8.641418 ,  -4.907473 ,  -3.0463037,  -2.5512354,  -0.894651 ,   -2.5604484,  -5.417114 ,  -2.4967864]; [[ 6319.82873448, 2733.16613801,-2153.01108372, -162.65717091,    119.20365777, -357.58139839, -307.12547814, -240.68432964,   -296.94516122, -195.6945095 ,  -98.84647667, -185.61237065,   -147.95799584], [ 2733.16613801, 1627.1079645 , -646.95504532, -261.942744  ,     11.75820615, -172.91919757, -185.3298859 , -154.17176282,   -139.54177067,  -79.64886382,  -47.64331504, -108.03444805,    -95.32456668], [-2153.01108372, -646.95504532, 1123.37175248,   47.00269794,   -152.50895688,  105.1754075 ,   40.26408027,   11.50897525,     82.8915874 ,   78.85160822,   46.43414084,   57.25446171,      5.50799239], [ -162.65717091, -261.942744  ,   47.00269794,  256.39947889,     39.6341747 ,  -23.08462708,  -17.14440026,  -35.77577258,    -20.9225248 ,   15.98203385,   56.15460305,   55.08539422,      5.27252048], [  119.20365777,   11.75820615, -152.50895688,   39.6341747 ,    168.57028612,   35.84297435,  -27.81694606,  -36.31745565,    -51.88794689,  -41.05226215,    0.71531209,   34.82590515,     49.81901534], [ -357.58139839, -172.91919757,  105.1754075 ,  -23.08462708,     35.84297435,  159.84232704,   99.61310416,   43.10015359,      5.05492553,  -70.66192716,  -84.67295603,   -1.86381536,     61.77820412], [ -307.12547814, -185.3298859 ,   40.26408027,  -17.14440026,    -27.81694606,   99.61310416,  212.00528702,  169.24245187,     63.50680352,  -51.9451035 , -115.01081205,  -58.69091407,     22.7414206 ], [ -240.68432964, -154.17176282,   11.50897525,  -35.77577258,    -36.31745565,   43.10015359,  169.24245187,  220.19393875,    120.36644249,  -18.52759978, -101.64209737,  -93.02767573,    -22.33820321], [ -296.94516122, -139.54177067,   82.8915874 ,  -20.9225248 ,    -51.88794689,    5.05492553,   63.50680352,  120.36644249,    151.79934152,   83.60219523,  -12.6741278 ,  -58.24509944,    -56.04234485], [ -195.6945095 ,  -79.64886382,   78.85160822,   15.98203385,    -41.05226215,  -70.66192716,  -51.9451035 ,  -18.52759978,     83.60219523,  200.68664443,  161.37754107,   29.86742798,    -64.31005005], [  -98.84647667,  -47.64331504,   46.43414084,   56.15460305,      0.71531209,  -84.67295603, -115.01081205, -101.64209737,    -12.6741278 ,  161.37754107,  257.18872624,  144.4887528 ,    -29.35066758], [ -185.61237065, -108.03444805,   57.25446171,   55.08539422,     34.82590515,   -1.86381536,  -58.69091407,  -93.02767573,    -58.24509944,   29.86742798,  144.4887528 ,  209.83182874,    106.53511397], [ -147.95799584,  -95.32456668,    5.50799239,    5.27252048,     49.81901534,   61.77820412,   22.7414206 ,  -22.33820321,    -56.04234485,  -64.31005005,  -29.35066758,  106.53511397,    212.22150703]]
music/AFRICA1.mp3; [-621.64276   , 127.92315   ,  14.172686  ,  16.337992  ,   5.810139  ,    4.631607  ,  -2.4606593 ,   3.4913387 ,  -0.32400852,   3.2544243 ,    3.5356781 ,  -0.72275454,   0.08162215]; [[15434.29808422,   80.5249321 ,-1642.69310718, -709.02897381,   -206.4621366 ,   83.93279471, -201.65254169,   11.20553612,   -163.98870868,  -44.51616798,  170.3731816 , -111.81159879,     50.4787114 ], [   80.5249321 , 1668.86431957, -173.63211908, -196.63985353,    -48.80177467, -103.96583242,  -15.97332976,  -23.4073351 ,    -31.65212353,  -66.99815915,  -34.04812907,   -9.40442746,     -9.81076561], [-1642.69310718, -173.63211908,  997.16584086,  284.83275912,    102.19759989,  113.68581353,   95.75874637,   19.35680863,     15.14584612,    4.0435506 ,  -21.18773793,   62.09869097,     38.2017977 ], [ -709.02897381, -196.63985353,  284.83275912,  395.92579929,    116.79757437,   45.57938208,   46.85204659,    8.82815518,     53.07312754,    8.9259662 ,  -41.17687588,   39.69410508,     16.60304882], [ -206.4621366 ,  -48.80177467,  102.19759989,  116.79757437,    220.48834483,  103.5309702 ,   21.8725203 ,   14.13893969,     18.59951199,   -2.74815678,   -1.35672064,    9.70162304,     15.18917113], [   83.93279471, -103.96583242,  113.68581353,   45.57938208,    103.5309702 ,  196.57990185,   79.94218218,   16.16597945,     -7.41715703,   -4.00041968,    5.38252295,    7.85708384,      7.59935752], [ -201.65254169,  -15.97332976,   95.75874637,   46.85204659,     21.8725203 ,   79.94218218,  157.48386245,   31.81788771,      3.64908669,   14.21845419,  -10.06674067,   28.36771981,     -0.92038317], [   11.20553612,  -23.4073351 ,   19.35680863,    8.82815518,     14.13893969,   16.16597945,   31.81788771,   92.30951388,     33.95541977,    7.54455819,    5.27131645,   -2.62279893,     -0.46242764], [ -163.98870868,  -31.65212353,   15.14584612,   53.07312754,     18.59951199,   -7.41715703,    3.64908669,   33.95541977,    110.58329688,   45.66595443,  -14.2558767 ,   -4.38668497,     -8.43712736], [  -44.51616798,  -66.99815915,    4.0435506 ,    8.9259662 ,     -2.74815678,   -4.00041968,   14.21845419,    7.54455819,     45.66595443,  104.81089652,   36.54166974,    5.8248386 ,    -16.95839554], [  170.3731816 ,  -34.04812907,  -21.18773793,  -41.17687588,     -1.35672064,    5.38252295,  -10.06674067,    5.27131645,    -14.2558767 ,   36.54166974,  103.19101597,   18.6091131 ,      1.79383591], [ -111.81159879,   -9.40442746,   62.09869097,   39.69410508,      9.70162304,    7.85708384,   28.36771981,   -2.62279893,     -4.38668497,    5.8248386 ,   18.6091131 ,   81.48826375,     32.8090778 ], [   50.4787114 ,   -9.81076561,   38.2017977 ,   16.60304882,     15.18917113,    7.59935752,   -0.92038317,   -0.46242764,     -8.43712736,  -16.95839554,    1.79383591,   32.8090778 ,     80.49850495]]
