music/PUNISH2.mp3; [-503.73306   ,  99.14531   , -28.378506  ,  38.327827  ,   7.8729615 ,   14.716998  ,  -1.1545253 ,   4.1171594 ,   7.388111  ,   0.39765078,   -0.5742634 ,   5.6190147 ,  -3.768053  ]; [[2122.82407936,  25.11596732, 577.12471356, 362.94772666, 238.33525333,   233.7422769 , 242.54329379,  62.6943699 ,  61.02792932,  12.15062071,   -10.4628919 ,  58.87780566,  26.48895455], [  25.11596732, 351.48972891,  -7.28172005, 199.46357669,   5.98442771,    85.10084968,  41.70883753,  24.8531386 ,   7.09402798, -16.10247982,     6.80023624,  20.09769495,   7.49680717], [ 577.12471356,  -7.28172005, 363.20896211, 160.14895403, 169.31642986,    71.68635727, 108.53795284,  48.93975597,  30.6506364 ,  33.65743155,    10.43044705,  36.04173099,  28.90617077], [ 362.94772666, 199.46357669, 160.14895403, 573.73657451, 136.00262721,   144.82181643, -11.59961734,  -6.23415383,  23.33346305, -16.04015046,    -1.81478156,  21.59022048,   7.38577027], [ 238.33525333,   5.98442771, 169.31642986, 136.00262721, 196.72269999,    76.86990392,  54.27732841,   8.88736006,  36.57710871,  30.37190904,    11.46339587,  16.76698273,  15.80677431], [ 233.7422769 ,  85.10084968,  71.68635727, 144.82181643,  76.86990392,   141.57512072,  73.14579243,  22.51657518,  19.55804336,   0.73073621,     6.54519903,  18.35554694,   6.03827087], [ 242.54329379,  41.70883753, 108.53795284, -11.59961734,  54.27732841,    73.14579243, 165.30605001,  73.60256596,  16.00403687,   8.56562602,    12.23516564,  25.12208438,  12.9858267 ], [  62.6943699 ,  24.8531386 ,  48.93975597,  -6.23415383,   8.88736006,    22.51657518,  73.60256596, 102.16736524,  26.69932083,  27.24709385,    13.34154591,  17.74448242,  17.06265802], [  61.02792932,   7.09402798,  30.6506364 ,  23.33346305,  36.57710871,    19.55804336,  16.00403687,  26.69932083,  77.64923756,  34.95938301,    16.18959156,   8.08621078,   8.99733779], [  12.15062071, -16.10247982,  33.65743155, -16.04015046,  30.37190904,     0.73073621,   8.56562602,  27.24709385,  34.95938301,  75.85798628,    35.60906498,  10.46614634,  10.37957366], [ -10.4628919 ,   6.80023624,  10.43044705,  -1.81478156,  11.46339587,     6.54519903,  12.23516564,  13.34154591,  16.18959156,  35.60906498,    58.0807949 ,  27.83983959,  10.94696228], [  58.87780566,  20.09769495,  36.04173099,  21.59022048,  16.76698273,    18.35554694,  25.12208438,  17.74448242,   8.08621078,  10.46614634,    27.83983959,  53.02789048,  26.91620071], [  26.48895455,   7.49680717,  28.90617077,   7.38577027,  15.80677431,     6.03827087,  12.9858267 ,  17.06265802,   8.99733779,  10.37957366,    10.94696228,  26.91620071,  50.39015871]]
music/eguitar.mp3; [-731.56323   , 136.47054   , -26.655533  ,  21.003246  , -22.065046  ,    1.22934   ,  -2.7693608 ,   5.7514477 ,  -2.3784747 ,   1.3458064 ,   -1.971062  ,   2.7993524 ,  -0.24986885]; [[11504.58216454,-1210.9102428 , -933.93810733, 1413.73584474,   -827.52025146,  260.65647157,-1117.5492842 ,  181.50122333,   -385.96442589, -424.41074438, -310.0218774 , -268.62505784,   -491.77484963], [-1210.9102428 , 4055.02732719, 1190.63262016,  521.38474493,    907.39805674,  116.16753316,  507.01016728,   76.61552599,    136.43929592,   40.32589565, -180.47957945, -499.54937389,   -197.85604988], [ -933.93810733, 1190.63262016,  692.98548844,  227.9006642 ,    393.04668708,  127.31050423,  203.80158083,    7.75124716,     26.08776967,   71.12111608,  -85.28474592, -176.31601461,    -48.828415  ], [ 1413.73584474,  521.38474493,  227.9006642 ,  631.8396754 ,    166.8991232 ,  221.39495163,  -19.29777741,   91.3335833 ,     19.76552019,  -16.12522325,  -39.63571631, -100.28365971,    -97.86527202], [ -827.52025146,  907.39805674,  393.04668708,  166.8991232 ,    350.67300497,   99.7663002 ,  191.89229434,   27.88339123,     71.74940738,   56.58177233,  -20.05073579,  -82.11887544,    -13.05423359], [  260.65647157,  116.16753316,  127.31050423,  221.39495163,     99.7663002 ,  154.40706507,   46.57641166,   51.12018322,     15.42414063,   10.16089532,   -5.28234237,  -10.88801979,     -8.8837915 ], [-1117.5492842 ,  507.01016728,  203.80158083,  -19.29777741,    191.89229434,   46.57641166,  245.28128836,   65.49849132,     73.09177002,   34.41671899,   13.71641725,  -13.15179153,     32.69044722], [  181.50122333,   76.61552599,    7.75124716,   91.3335833 ,     27.88339123,   51.12018322,   65.49849132,  108.00273343,     48.69064436,   -2.11421166,    5.02214012,   -0.4184395 ,    -11.56066785], [ -385.96442589,  136.43929592,   26.08776967,   19.76552019,     71.74940738,   15.42414063,   73.09177002,   48.69064436,    107.94623996,   61.76794366,   45.92468649,   22.05925921,      4.08848258], [ -424.41074438,   40.32589565,   71.12111608,  -16.12522325,     56.58177233,   10.16089532,   34.41671899,   -2.11421166,     61.76794366,  104.21923323,   52.41721922,   11.82656825,      3.22516071], [ -310.0218774 , -180.47957945,  -85.28474592,  -39.63571631,    -20.05073579,   -5.28234237,   13.71641725,    5.02214012,     45.92468649,   52.41721922,  128.11814806,  104.46006605,     40.91346186], [ -268.62505784, -499.54937389, -176.31601461, -100.28365971,    -82.11887544,  -10.88801979,  -13.15179153,   -0.4184395 ,     22.05925921,   11.82656825,  104.46006605,  186.51935792,     86.85927585], [ -491.77484963, -197.85604988,  -48.828415  ,  -97.86527202,    -13.05423359,   -8.8837915 ,   32.69044722,  -11.56066785,      4.08848258,    3.22516071,   40.91346186,   86.85927585,     93.19590754]]
music/TURCA3.mp3; [-904.3868   , 185.34695  ,  -5.892433 , -36.74699  , -16.053898 ,   -8.641418 ,  -4.907473 ,  -3.0463037,  -2.5512354,  -0.894651 ,   -2.5604484,  -5.417114 ,  -2.4967864]; [[ 6319.82873448, 2733.16613801,-2153.01108372, -162.65717091,    119.20365777, -357.58139839, -307.12547814, -240.68432964,   -296.94516122, -195.6945095 ,  -98.84647667, -185.61237065,   -147.95799584], [ 2733.16613801, 1627.1079645 , -646.95504532, -261.942744  ,     11.75820615, -172.91919757, -185.3298859 , -154.17176282,   -139.54177067,  -79.64886382,  -47.64331504, -108.03444805,    -95.32456668], [-2153.01108372, -646.95504532, 1123.37175248,   47.00269794,   -152.50895688,  105.1754075 ,   40.26408027,   11.50897525,     82.8915874 ,   78.85160822,   46.43414084,   57.25446171,      5.50799239], [ -162.65717091, -261.942744  ,   47.00269794,  256.39947889,     39.6341747 ,  -23.08462708,  -17.14440026,  -35.77577258,    -20.9225248 ,   15.98203385,   56.15460305,   55.08539422,      5.27252048], [  119.20365777,   11.75820615, -152.50895688,   39.6341747 ,    168.57028612,   35.84297435,  -27.81694606,  -36.31745565,    -51.88794689,  -41.05226215,    0.71531209,   34.82590515,     49.81901534], [ -357.58139839, -172.91919757,  105.1754075 ,  -23.08462708,     35.84297435,  159.84232704,   99.61310416,   43.10015359,      5.05492553,  -70.66192716,  -84.67295603,   -1.86381536,     61.77820412], [ -307.12547814, -185.3298859 ,   40.26408027,  -17.14440026,    -27.81694606,   99.61310416,  212.00528702,  169.24245187,     63.50680352,  -51.9451035 , -115.01081205,  -58.69091407,     22.7414206 ], [ -240.68432964, -154.17176282,   11.50897525,  -35.77577258,    -36.31745565,   43.10015359,  169.24245187,  220.19393875,    120.36644249,  -18.52759978, -101.64209737,  -93.02767573,    -22.33820321], [ -296.94516122, -139.54177067,   82.8915874 ,  -20.9225248 ,    -51.88794689,    5.05492553,   63.50680352,  120.36644249,    151.79934152,   83.60219523,  -12.6741278 ,  -58.24509944,    -56.04234485], [ -195.6945095 ,  -79.64886382,   78.85160822,   15.98203385,    -41.05226215,  -70.66192716,  -51.9451035 ,  -18.52759978,     83.60219523,  200.68664443,  161.37754107,   29.86742798,    -64.31005005], [  -98.84647667,  -47.64331504,   46.43414084,   56.15460305,      0.71531209,  -84.67295603, -115.01081205, -101.64209737,    -12.6741278 ,  161.37754107,  257.18872624,  144.4887528 ,    -29.35066758], [ -185.61237065, -108.03444805,   57.25446171,   55.08539422,     34.82590515,   -1.86381536,  -58.69091407,  -93.02767573,    -58.24509944,   29.86742798,  144.4887528 ,  209.83182874,    106.53511397], [ -147.95799584,  -95.32456668,    5.50799239,    5.27252048,     49.81901534,   61.77820412,   22.7414206 ,  -22.33820321,    -56.04234485,  -64.31005005,  -29.35066758,  106.53511397,    212.22150703]]
music/AFRICA1.mp3; [-621.64276   , 127.92315   ,  14.172686  ,  16.337992  ,   5.810139  ,    4.631607  ,  -2.4606593 ,   3.4913387 ,  -0.32400852,   3.2544243 ,    3.5356781 ,  -0.72275454,   0.08162215]; [[15434.29808422,   80.5249321 ,-1642.69310718, -709.02897381,   -206.4621366 ,   83.93279471, -201.65254169,   11.20553612,   -163.98870868,  -44.51616798,  170.3731816 , -111.81159879,     50.4787114 ], [   80.5249321 , 1668.86431957, -173.63211908, -196.63985353,    -48.80177467, -103.96583242,  -15.97332976,  -23.4073351 ,    -31.65212353,  -66.99815915,  -34.04812907,   -9.40442746,     -9.81076561], [-1642.69310718, -173.63211908,  997.16584086,  284.83275912,    102.19759989,  113.68581353,   95.75874637,   19.35680863,     15.14584612,    4.0435506 ,  -21.18773793,   62.09869097,     38.2017977 ], [ -709.02897381, -196.63985353,  284.83275912,  395.92579929,    116.79757437,   45.57938208,   46.85204659,    8.82815518,     53.07312754,    8.9259662 ,  -41.17687588,   39.69410508,     16.60304882], [ -206.4621366 ,  -48.80177467,  102.19759989,  116.79757437,    220.48834483,  103.5309702 ,   21.8725203 ,   14.13893969,     18.59951199,   -2.74815678,   -1.35672064,    9.70162304,     15.18917113], [   83.93279471, -103.96583242,  113.68581353,   45.57938208,    103.5309702 ,  196.57990185,   79.94218218,   16.16597945,     -7.41715703,   -4.00041968,    5.38252295,    7.85708384,      7.59935752], [ -201.65254169,  -15.97332976,   95.75874637,   46.85204659,     21.8725203 ,   79.94218218,  157.48386245,   31.81788771,      3.64908669,   14.21845419,  -10.06674067,   28.36771981,     -0.92038317], [   11.20553612,  -23.4073351 ,   19.35680863,    8.82815518,     14.13893969,   16.16597945,   31.81788771,   92.30951388,     33.95541977,    7.54455819,    5.27131645,   -2.62279893,     -0.46242764], [ -163.98870868,  -31.65212353,   15.14584612,   53.07312754,     18.59951199,   -7.41715703,    3.64908669,   33.95541977,    110.58329688,   45.66595443,  -14.2558767 ,   -4.38668497,     -8.43712736], [  -44.51616798,  -66.99815915,    4.0435506 ,    8.9259662 ,     -2.74815678,   -4.00041968,   14.21845419,    7.54455819,     45.66595443,  104.81089652,   36.54166974,    5.8248386 ,    -16.95839554], [  170.3731816 ,  -34.04812907,  -21.18773793,  -41.17687588,     -1.35672064,    5.38252295,  -10.06674067,    5.27131645,    -14.2558767 ,   36.54166974,  103.19101597,   18.6091131 ,      1.79383591], [ -111.81159879,   -9.40442746,   62.09869097,   39.69410508,      9.70162304,    7.85708384,   28.36771981,   -2.62279893,     -4.38668497,    5.8248386 ,   18.6091131 ,   81.48826375,     32.8090778 ], [   50.4787114 ,   -9.81076561,   38.2017977 ,   16.60304882,     15.18917113,    7.59935752,   -0.92038317,   -0.46242764,     -8.43712736,  -16.95839554,    1.79383591,   32.8090778 ,     80.49850495]]
music/guitar.mp3; [-773.1118   , 178.31717  , -11.527624 ,  27.725687 ,   2.698974 ,    6.9217014,   0.8614352,   2.1345274,  -5.713182 ,  -6.0215306,   -2.9521859,  -8.216756 ,  -3.3399596]; [[26714.74930175, 7665.55020847,-3608.97266831,  607.73049157,  -1512.20705147, -233.40497431, -608.41842584,   -9.86109078,   -479.01921423, -130.25149023,  165.50678199, -442.31556914,   -437.37576623], [ 7665.55020847, 4351.49238048,-1021.57707176,  213.07398994,   -226.75032075, -196.02757197, -207.23106805, -141.85853907,   -134.83041781, -145.6351877 ,  -29.79630812, -165.22964027,   -102.15805267], [-3608.97266831,-1021.57707176,  995.21038875,  -79.92461458,    251.40237198,   85.93019183,  153.56851352,   34.66773134,      0.37429938,  -17.74518558,   36.76415193,   48.93836633,     35.88558395], [  607.73049157,  213.07398994,  -79.92461458,  181.47734656,     19.15485713,   43.8102135 ,   -5.51677615,   10.05256203,     16.46649047,    4.97898919,  -31.33702308,   -9.45680874,      5.7598502 ], [-1512.20705147, -226.75032075,  251.40237198,   19.15485713,    204.55090133,   39.79342252,   54.30768578,   -2.2619749 ,     38.94453404,   -5.12255089,  -54.00020957,   18.32073844,     36.29992615], [ -233.40497431, -196.02757197,   85.93019183,   43.8102135 ,     39.79342252,   91.00561099,   50.96872026,   41.9503862 ,     20.68156323,   13.97856385,   -2.05091738,    6.74107659,      3.54241819], [ -608.41842584, -207.23106805,  153.56851352,   -5.51677615,     54.30768578,   50.96872026,   93.57264843,   44.3466554 ,     24.89771502,   12.17080056,    9.46822292,    8.41637999,      7.67086655], [   -9.86109078, -141.85853907,   34.66773134,   10.05256203,     -2.2619749 ,   41.9503862 ,   44.3466554 ,   72.60058897,     31.87393419,   18.82229309,   13.83930714,    6.40715304,     -5.03982414], [ -479.01921423, -134.83041781,    0.37429938,   16.46649047,     38.94453404,   20.68156323,   24.89771502,   31.87393419,     86.58827998,   45.41910663,   -6.64565195,   23.54528494,     16.33813957], [ -130.25149023, -145.6351877 ,  -17.74518558,    4.97898919,     -5.12255089,   13.97856385,   12.17080056,   18.82229309,     45.41910663,   74.79314991,   37.73837475,   15.1078186 ,      7.61213266], [  165.50678199,  -29.79630812,   36.76415193,  -31.33702308,    -54.00020957,   -2.05091738,    9.46822292,   13.83930714,     -6.64565195,   37.73837475,  111.39928407,   25.52984265,    -14.60392434], [ -442.31556914, -165.22964027,   48.93836633,   -9.45680874,     18.32073844,    6.74107659,    8.41637999,    6.40715304,     23.54528494,   15.1078186 ,   25.52984265,   65.40545574,     29.7547178 ], [ -437.37576623, -102.15805267,   35.88558395,    5.7598502 ,     36.29992615,    3.54241819,    7.67086655,   -5.03982414,     16.33813957,    7.61213266,  -14.60392434,   29.7547178 ,     56.69540908]]
music/guitar2.mp3; [-968.15533   , 120.27452   , -18.8114    , -10.958926  ,   6.024484  ,  -12.460323  , -10.117835  ,   6.164224  ,   6.354328  ,   2.8352664 ,    0.17748676, -11.727191  , -11.330868  ]; [[13519.05564253, 7497.74260355,-3350.34927356, -379.93772202,    701.29993359, -856.44529857, -468.32393828,  504.89895364,     21.45196267, -336.56664696,  -40.36148719, -868.11766068,   -783.40766201], [ 7497.74260355, 5705.74257686,  -62.06256832, -183.77736253,    254.32284624, -274.82276141, -389.74236757, -291.20784211,   -462.04918091, -274.23546053,  137.17556246, -174.03971019,   -416.75387057], [-3350.34927356,  -62.06256832, 3316.7163166 ,  419.09601716,   -402.29348053,  557.81544573,    1.96212539, -916.34335715,   -687.4854978 , -106.30619842,  279.58714081,  703.6835303 ,    284.40027291], [ -379.93772202, -183.77736253,  419.09601716,  386.73188266,     65.15145036,   96.77690182,    6.91771822, -148.4633664 ,   -198.47194288, -106.1475081 ,  159.87592649,  213.26295718,     60.77679003], [  701.29993359,  254.32284624, -402.29348053,   65.15145036,    263.0453214 ,  -52.62107632,  -63.84168181,   73.84471532,    -26.83273463,  -44.94576515,   76.60400646,    5.83774018,    -59.91942121], [ -856.44529857, -274.82276141,  557.81544573,   96.77690182,    -52.62107632,  198.96677114,   63.44906724, -117.05442567,    -68.48820791,  -12.79344286,   37.92245285,  123.69234461,     93.69822589], [ -468.32393828, -389.74236757,    1.96212539,    6.91771822,    -63.84168181,   63.44906724,  113.74997255,   77.19930509,     87.01214396,   38.77186279,  -53.29742732,  -41.40561842,     40.75591967], [  504.89895364, -291.20784211, -916.34335715, -148.4633664 ,     73.84471532, -117.05442567,   77.19930509,  364.08415154,    303.1604989 ,   66.38266524, -136.29007794, -248.64101226,    -58.30362955], [   21.45196267, -462.04918091, -687.4854978 , -198.47194288,    -26.83273463,  -68.48820791,   87.01214396,  303.1604989 ,    342.47426601,  118.92226891, -181.57474219, -242.20894092,    -18.56680091], [ -336.56664696, -274.23546053, -106.30619842, -106.1475081 ,    -44.94576515,  -12.79344286,   38.77186279,   66.38266524,    118.92226891,  100.92757182,  -53.62048332,  -74.0024836 ,     -3.44405073], [  -40.36148719,  137.17556246,  279.58714081,  159.87592649,     76.60400646,   37.92245285,  -53.29742732, -136.29007794,   -181.57474219,  -53.62048332,  185.53665969,  185.72229077,      0.55599139], [ -868.11766068, -174.03971019,  703.6835303 ,  213.26295718,      5.83774018,  123.69234461,  -41.40561842, -248.64101226,   -242.20894092,  -74.0024836 ,  185.72229077,  318.71876804,    119.71488759], [ -783.40766201, -416.75387057,  284.40027291,   60.77679003,    -59.91942121,   93.69822589,   40.75591967,  -58.30362955,    -18.56680091,   -3.44405073,    0.55599139,  119.71488759,    177.95348945]]
music/HURRICANE2.mp3; [-522.29724   ,  91.88436   , -13.517798  ,  36.829575  ,   9.299684  ,    5.5896773 ,   6.561691  ,   5.4695373 ,   4.8477554 ,   2.7579105 ,   -4.12562   ,  -2.8432698 ,   0.03521316]; [[4461.98907004,  -7.51298768,  78.39186176, 291.57862678, 187.16815266,   168.82121833, 183.28941337, 169.52884279, 123.66087195,  89.24788115,    71.22596916,  82.12748771,  -4.00244025], [  -7.51298768, 522.92463167,-137.25376136, 164.53307004, -17.57020435,    60.36353437,  67.4245163 ,  11.36503557,  36.06257861,  -0.77575461,    25.83552516,  -7.16127668,  15.8295776 ], [  78.39186176,-137.25376136, 473.97148689, -62.9869489 ,  98.78166961,    30.29334431, -28.62458328,  31.3918958 , -15.5596571 ,  24.67187487,   -10.8628603 ,  23.32407824, -13.15869884], [ 291.57862678, 164.53307004, -62.9869489 , 285.56732807,  35.48389265,    93.06348178,  76.37170882,  47.90954607,  74.5156323 ,   6.57889713,    48.10104371,  31.2487268 ,  26.41487026], [ 187.16815266, -17.57020435,  98.78166961,  35.48389265, 170.36169654,    20.38328817,  -0.30154329,  31.1571027 ,  23.29630482,  44.19911053,    -3.46886647,  18.11477139,  -1.02078303], [ 168.82121833,  60.36353437,  30.29334431,  93.06348178,  20.38328817,   159.54317174,  87.74808087,  41.93335636,  29.66464153,  13.53371085,    49.97939074,  19.86376479,   0.93038664], [ 183.28941337,  67.4245163 , -28.62458328,  76.37170882,  -0.30154329,    87.74808087, 151.87212914,  65.56658926,  21.30789274,  20.49193737,    52.3641944 ,  18.8437111 ,   4.90014653], [ 169.52884279,  11.36503557,  31.3918958 ,  47.90954607,  31.1571027 ,    41.93335636,  65.56658926, 105.07476766,  46.84935596,  31.85725715,    24.96419523,  24.32073092,   3.84527527], [ 123.66087195,  36.06257861, -15.5596571 ,  74.5156323 ,  23.29630482,    29.66464153,  21.30789274,  46.84935596, 113.97980156,  36.37732319,    22.30841653,  25.20315396,  13.57331643], [  89.24788115,  -0.77575461,  24.67187487,   6.57889713,  44.19911053,    13.53371085,  20.49193737,  31.85725715,  36.37732319,  97.99922649,    29.81175017,  19.11065171,   1.32059327], [  71.22596916,  25.83552516, -10.8628603 ,  48.10104371,  -3.46886647,    49.97939074,  52.3641944 ,  24.96419523,  22.30841653,  29.81175017,    89.44835346,  28.18993734,   5.70498236], [  82.12748771,  -7.16127668,  23.32407824,  31.2487268 ,  18.11477139,    19.86376479,  18.8437111 ,  24.32073092,  25.20315396,  19.11065171,    28.18993734,  75.30075124,  26.66008837], [  -4.00244025,  15.8295776 , -13.15869884,  26.41487026,  -1.02078303,     0.93038664,   4.90014653,   3.84527527,  13.57331643,   1.32059327,     5.70498236,  26.66008837,  61.71049752]]
music/guitar3.mp3; [-917.55426   , 172.75523   ,   0.98485833,  -7.635039  ,   6.804538  ,  -11.594887  , -13.527314  ,  -0.0579607 ,  -0.9828744 ,  -4.8043766 ,    1.560248  ,  -1.8542677 ,  -7.716616  ]; [[ 8984.4863292 , 3970.1956523 ,-3715.71263769, -797.76348691,    -13.63686713,-1073.7199224 , -698.36261883,  -63.83113085,   -348.57991262, -558.05088152,  112.12321943,   29.99390434,    -29.47007119], [ 3970.1956523 , 3518.49537271,  659.08782422,   57.90609456,     50.57165711, -239.69955443, -415.44899287, -450.9715659 ,   -325.66377565, -160.28409847, -102.97975474, -136.10101723,   -124.5468412 ], [-3715.71263769,  659.08782422, 4932.74984376, 1236.57308828,     13.3984506 ,  842.59252873,  246.11547309, -567.56604328,    -78.49364941,  347.69573257, -257.06853279, -236.24345354,   -114.30230502], [ -797.76348691,   57.90609456, 1236.57308828,  634.82997141,     84.25278023,  221.29368218,  123.47396449, -109.0487837 ,    -15.34380451,   73.81435328,  -25.22235819,  -31.39676503,      1.89663284], [  -13.63686713,   50.57165711,   13.3984506 ,   84.25278023,    228.95494129,   62.60082852,   -7.65630857,   36.31777553,      7.54457816,    8.89980784,   28.08113894,   19.95173506,     -0.19625163], [-1073.7199224 , -239.69955443,  842.59252873,  221.29368218,     62.60082852,  351.30321607,  177.44038961,  -50.33187175,     49.484568  ,  105.12170162,  -52.44446197,  -61.19692132,     -3.85285401], [ -698.36261883, -415.44899287,  246.11547309,  123.47396449,     -7.65630857,  177.44038961,  215.66477761,  106.67415397,     88.10840922,   65.65509226,  -22.88352521,  -33.85941808,      3.23215954], [  -63.83113085, -450.9715659 , -567.56604328, -109.0487837 ,     36.31777553,  -50.33187175,  106.67415397,  342.76810164,    204.66270307,  -13.05252204,   -1.28193258,   -7.57007148,     -0.01552453], [ -348.57991262, -325.66377565,  -78.49364941,  -15.34380451,      7.54457816,   49.484568  ,   88.10840922,  204.66270307,    226.82181692,   70.93665093,  -47.4631978 ,  -41.61916236,     -0.52546138], [ -558.05088152, -160.28409847,  347.69573257,   73.81435328,      8.89980784,  105.12170162,   65.65509226,  -13.05252204,     70.93665093,  136.74120909,    6.37074278,  -28.24778127,     -3.60617724], [  112.12321943, -102.97975474, -257.06853279,  -25.22235819,     28.08113894,  -52.44446197,  -22.88352521,   -1.28193258,    -47.4631978 ,    6.37074278,  122.62461247,  100.53332622,     37.86111955], [   29.99390434, -136.10101723, -236.24345354,  -31.39676503,     19.95173506,  -61.19692132,  -33.85941808,   -7.57007148,    -41.61916236,  -28.24778127,  100.53332622,  179.21000536,    112.57305222], [  -29.47007119, -124.5468412 , -114.30230502,    1.89663284,     -0.19625163,   -3.85285401,    3.23215954,   -0.01552453,     -0.52546138,   -3.60617724,   37.86111955,  112.57305222,    154.24771274]]
