music/Old Pop/Corey Hart - Sunglasses At Night.mp3; [-645.8443    , 122.398254  , -18.285383  ,   6.29998   ,  -4.619409  ,   -0.4048234 ,  -1.9273529 ,   5.0869145 ,   0.82082933,   4.4763594 ,   -2.046373  ,   0.14792357,  -2.3332691 ]; [[10536.97145492, -202.7488731 ,  -82.77381366,  382.69882132,    174.97823971,  262.40438906,  120.27252853,  193.89535456,     88.03519039,  141.54275772,  -21.11287354,   46.39868801,     56.9179593 ], [ -202.7488731 , 1650.04224617, -316.15252994,   54.61857386,    -28.34862375,   27.62681635,    8.35093971,   37.50252792,     15.0779404 ,   -3.56225235,   47.27051157,   24.51852966,     -8.29777526], [  -82.77381366, -316.15252994,  873.00443175,   87.03369901,    169.98416937,   88.08237748,   98.27697762,   29.32308782,     14.87553044,   24.42001253,   57.2133787 ,   48.70946862,     30.53493943], [  382.69882132,   54.61857386,   87.03369901,  485.14176333,    157.65558258,  145.43395169,   55.6722378 ,   60.39771076,     63.60412815,   35.86103446,    1.79880785,   30.06006321,     21.3830048 ], [  174.97823971,  -28.34862375,  169.98416937,  157.65558258,    238.65054185,   95.80569116,   47.64271346,   19.70605643,     45.3497083 ,   28.78355673,    5.96184402,   15.72346454,     20.27142637], [  262.40438906,   27.62681635,   88.08237748,  145.43395169,     95.80569116,  216.71854931,   94.39660782,   51.69787118,     28.30600923,   24.65568421,   24.14029426,    4.73301183,     20.44480328], [  120.27252853,    8.35093971,   98.27697762,   55.6722378 ,     47.64271346,   94.39660782,  159.53507171,   61.05311638,     19.54228775,   11.31039108,   30.99517489,   21.34996328,     17.41844367], [  193.89535456,   37.50252792,   29.32308782,   60.39771076,     19.70605643,   51.69787118,   61.05311638,  129.87534087,     55.30311429,   24.61113697,   17.57064515,    5.37609563,     10.69720974], [   88.03519039,   15.0779404 ,   14.87553044,   63.60412815,     45.3497083 ,   28.30600923,   19.54228775,   55.30311429,    133.52490573,   61.85983603,    4.04479587,    3.4265235 ,      2.19363274], [  141.54275772,   -3.56225235,   24.42001253,   35.86103446,     28.78355673,   24.65568421,   11.31039108,   24.61113697,     61.85983603,  111.28628847,   37.24073977,   -2.74448369,     -5.12584542], [  -21.11287354,   47.27051157,   57.2133787 ,    1.79880785,      5.96184402,   24.14029426,   30.99517489,   17.57064515,      4.04479587,   37.24073977,  105.08229445,   39.91050609,     12.84692313], [   46.39868801,   24.51852966,   48.70946862,   30.06006321,     15.72346454,    4.73301183,   21.34996328,    5.37609563,      3.4265235 ,   -2.74448369,   39.91050609,  101.44879373,     39.70983558], [   56.9179593 ,   -8.29777526,   30.53493943,   21.3830048 ,     20.27142637,   20.44480328,   17.41844367,   10.69720974,      2.19363274,   -5.12584542,   12.84692313,   39.70983558,     94.9214909 ]]
music/Electronic/Martin Garrix - Animals (Original Mix).mp3; [-598.20123  , 112.25937  ,  21.669018 ,  11.309427 ,   5.50903  ,   13.630403 ,  12.539179 ,  11.323791 ,   8.8362465,   4.5978036,   -0.6325895,   1.094012 ,  -2.0401418]; [[12300.64924902,-1854.76037431,  479.36010892,  970.7484093 ,    559.66512281,  398.2103814 ,  -48.60310404,   -9.41916586,   -172.72299348,  -67.74117426,   85.03904057,  221.63379204,    447.39371729], [-1854.76037431, 2141.54816593, -118.81303319,  158.37470453,    127.4401322 ,   37.72717685,  147.55234604,  134.934003  ,    101.49511229,   15.33130931,   43.30071191,   14.93172993,     60.59309017], [  479.36010892, -118.81303319, 1834.27451893,  449.05191023,    268.73919502,  198.00744765,  182.35670543,   82.76372313,    191.70097081,  174.57754878,   99.49474814,  174.02568908,     58.16848745], [  970.7484093 ,  158.37470453,  449.05191023,  618.1570448 ,    257.73130842,  210.80243806,   83.56795325,   67.05525651,      3.81829528,   -2.28788355,   44.25884794,   70.64988431,    136.64031243], [  559.66512281,  127.4401322 ,  268.73919502,  257.73130842,    346.82995301,  207.70671467,  157.74831728,  102.1638834 ,     46.25091005,   38.66903558,   54.06609106,   84.62245848,    105.35213712], [  398.2103814 ,   37.72717685,  198.00744765,  210.80243806,    207.70671467,  355.84276279,  246.16219705,  184.01851851,     57.41708489,   27.17884965,   37.63190681,   86.2892728 ,    106.74691678], [  -48.60310404,  147.55234604,  182.35670543,   83.56795325,    157.74831728,  246.16219705,  312.78659848,  220.82626224,    101.07543322,   55.94928704,   38.42570215,   81.37396071,     73.3912033 ], [   -9.41916586,  134.934003  ,   82.76372313,   67.05525651,    102.1638834 ,  184.01851851,  220.82626224,  270.97628858,    149.25932202,   96.24413811,   43.035091  ,   67.46314492,     58.59904789], [ -172.72299348,  101.49511229,  191.70097081,    3.81829528,     46.25091005,   57.41708489,  101.07543322,  149.25932202,    218.88684973,  159.83399752,   67.43164418,   60.58949484,      6.60084886], [  -67.74117426,   15.33130931,  174.57754878,   -2.28788355,     38.66903558,   27.17884965,   55.94928704,   96.24413811,    159.83399752,  182.04500709,   79.81968002,   70.56960906,      1.22071038], [   85.03904057,   43.30071191,   99.49474814,   44.25884794,     54.06609106,   37.63190681,   38.42570215,   43.035091  ,     67.43164418,   79.81968002,   87.68643604,   63.59589261,     34.62443478], [  221.63379204,   14.93172993,  174.02568908,   70.64988431,     84.62245848,   86.2892728 ,   81.37396071,   67.46314492,     60.58949484,   70.56960906,   63.59589261,  111.4792171 ,     72.27202076], [  447.39371729,   60.59309017,   58.16848745,  136.64031243,    105.35213712,  106.74691678,   73.3912033 ,   58.59904789,      6.60084886,    1.22071038,   34.62443478,   72.27202076,    136.67057805]]
music/Electronic/Caravan Palace - Lone Digger.mp3; [-594.1802    , 143.62148   , -14.996877  ,   0.1449982 , -13.632609  ,   -6.215613  ,  -6.934044  ,  -2.1100252 ,  -2.3090343 ,   0.0639511 ,   -1.6814058 ,   0.31504375,  -1.6990463 ]; [[20734.20286719,-3182.16139666, -588.74100458,  924.34772047,    155.61003314,  780.8867686 ,  732.99612305,  565.79203674,    165.4618013 ,  486.23798969,  350.96270604,  496.6334424 ,    527.50416429], [-3182.16139666, 4929.00159997, -262.38730018,   26.81026097,    325.73561926,  -59.4580558 , -119.07809335, -141.79795407,     45.30450213, -131.90161302, -133.1540943 , -230.56551471,   -239.47948941], [ -588.74100458, -262.38730018, 1443.44933139,  236.92677854,    354.97126882,  261.37872991,   81.07470527,  161.64684   ,    109.96897483,   95.3081764 ,   63.78745465,   22.89499278,     27.1928414 ], [  924.34772047,   26.81026097,  236.92677854,  788.59158953,    261.50081986,  215.64749491,  155.67002772,  118.62533722,    135.52965398,   92.702382  ,   38.81270803,   50.29239317,     56.07790241], [  155.61003314,  325.73561926,  354.97126882,  261.50081986,    589.95088017,  227.39950024,  135.54884359,  160.153269  ,    112.89457898,  102.43588855,   20.24432689,    0.40749797,     23.61364945], [  780.8867686 ,  -59.4580558 ,  261.37872991,  215.64749491,    227.39950024,  418.6047851 ,  200.79250205,  134.97069359,     95.12986391,   99.76263396,   76.15648954,   40.89838692,     52.69496663], [  732.99612305, -119.07809335,   81.07470527,  155.67002772,    135.54884359,  200.79250205,  281.73870924,  143.15999335,     66.42800809,   90.1618371 ,   62.46863024,   39.33665033,     49.73696935], [  565.79203674, -141.79795407,  161.64684   ,  118.62533722,    160.153269  ,  134.97069359,  143.15999335,  227.28141515,    117.36125134,   88.84812032,   60.45853677,   42.76945668,     42.30922945], [  165.4618013 ,   45.30450213,  109.96897483,  135.52965398,    112.89457898,   95.12986391,   66.42800809,  117.36125134,    167.08536776,   97.44580401,   50.00464828,   27.38342409,     25.50511747], [  486.23798969, -131.90161302,   95.3081764 ,   92.702382  ,    102.43588855,   99.76263396,   90.1618371 ,   88.84812032,     97.44580401,  179.11572591,   92.70420529,   42.60984593,     43.14792704], [  350.96270604, -133.1540943 ,   63.78745465,   38.81270803,     20.24432689,   76.15648954,   62.46863024,   60.45853677,     50.00464828,   92.70420529,  157.10382649,  100.30941489,     55.06109792], [  496.6334424 , -230.56551471,   22.89499278,   50.29239317,      0.40749797,   40.89838692,   39.33665033,   42.76945668,     27.38342409,   42.60984593,  100.30941489,  153.01956262,     94.72116869], [  527.50416429, -239.47948941,   27.1928414 ,   56.07790241,     23.61364945,   52.69496663,   49.73696935,   42.30922945,     25.50511747,   43.14792704,   55.06109792,   94.72116869,    143.19352662]]
music/Electronic/The XX - Intro.mp3; [-694.908     , 222.60422   ,  -0.23813705,   8.281879  ,   2.025215  ,    8.60609   ,  13.083224  ,   3.4068253 ,  -1.8716677 ,  -2.5141582 ,   -8.368655  ,  -1.1213114 ,  -0.17278369]; [[17555.27273377,   70.12888255, -246.57780997,  439.07113387,    253.90120138, 1239.36528475,   28.22046051,  205.51434767,    316.73794187,  122.73203347, -201.25682827, -111.22962509,    -54.39355101], [   70.12888255, 4351.15094003, -407.14548738,  -81.13550181,     64.19796765, -208.56259283,  358.88300822,  -10.55069372,    -65.5560682 ,  -56.63145236, -102.83407271,   74.12902866,     67.89640527], [ -246.57780997, -407.14548738,  736.11936267,  168.61298233,     18.41506142,   90.03700616,   81.93435761,  154.20191087,    -52.88277026,   50.20331281,  138.13755037,  -28.41756124,     -2.46049402], [  439.07113387,  -81.13550181,  168.61298233,  226.08313478,     70.94225372,  122.63530576,   52.54437236,   50.72545534,     19.65358873,   24.26033715,   55.87402692,   -5.5048595 ,     -8.46025729], [  253.90120138,   64.19796765,   18.41506142,   70.94225372,    126.37458565,   96.81692166,   24.04048729,   21.43811112,     13.17151688,   21.41921973,   23.16930913,   -0.83801572,      0.47862819], [ 1239.36528475, -208.56259283,   90.03700616,  122.63530576,     96.81692166,  325.03116426,   60.60433916,   64.61920313,     79.8630988 ,   47.18867706,   25.35513205,   10.60516781,      5.97062794], [   28.22046051,  358.88300822,   81.93435761,   52.54437236,     24.04048729,   60.60433916,  168.10936013,   54.24978953,     -6.95097219,   20.18471612,   46.54777437,   22.27894066,      7.59348581], [  205.51434767,  -10.55069372,  154.20191087,   50.72545534,     21.43811112,   64.61920313,   54.24978953,  129.07125163,     27.53391351,   24.92339206,   59.27531029,    1.89966743,      2.8639308 ], [  316.73794187,  -65.5560682 ,  -52.88277026,   19.65358873,     13.17151688,   79.8630988 ,   -6.95097219,   27.53391351,    114.83432102,   39.34237791,  -28.11784732,   12.43346621,     17.93582527], [  122.73203347,  -56.63145236,   50.20331281,   24.26033715,     21.41921973,   47.18867706,   20.18471612,   24.92339206,     39.34237791,   65.16656296,   29.09637267,    1.32479942,      7.02921083], [ -201.25682827, -102.83407271,  138.13755037,   55.87402692,     23.16930913,   25.35513205,   46.54777437,   59.27531029,    -28.11784732,   29.09637267,  129.78825538,   14.15322637,    -15.65292354], [ -111.22962509,   74.12902866,  -28.41756124,   -5.5048595 ,     -0.83801572,   10.60516781,   22.27894066,    1.89966743,     12.43346621,    1.32479942,   14.15322637,   62.53883896,     24.87726466], [  -54.39355101,   67.89640527,   -2.46049402,   -8.46025729,      0.47862819,    5.97062794,    7.59348581,    2.8639308 ,     17.93582527,    7.02921083,  -15.65292354,   24.87726466,     53.75782748]]
music/Electronic/Marshmello & Anne-Marie - Friends.mp3; [-511.60834  ,  76.20587  ,  -2.819687 ,   2.4700804,   1.4544426,  -11.386899 ,   1.5787882,  -9.480005 , -11.590142 ,  -2.6344144,  -12.652691 ,  -4.710116 ,  -7.360771 ]; [[6356.48450648,-240.3618126 , 313.84872737, 613.52306471, 764.64822945,   540.32866307, 248.13019977, 736.59570513, 565.73672672, 365.20203393,   392.46956813, 175.30651236, 276.81576709], [-240.3618126 ,2164.08095642, 478.17956403, 486.01214806, 449.20518812,   295.21278052, 363.04621239,  74.84485542,  90.63677912, 138.60637329,    28.42326541,  51.82349283, -42.31949992], [ 313.84872737, 478.17956403,1223.62138166, 563.36189459, 418.67455779,   256.91775994,  52.71101722, 206.31936281, 148.40883422,  12.80376748,   144.71561608,  50.38768591,  34.16562744], [ 613.52306471, 486.01214806, 563.36189459, 870.42936161, 494.76741317,   204.99163606, 120.51095774, 218.91876731, 247.38765845,  50.80629347,   136.17988308,  92.41970982,  37.43854067], [ 764.64822945, 449.20518812, 418.67455779, 494.76741317, 654.04533623,   318.42192635, 194.7014642 , 266.27912601, 239.48080161, 142.65156222,   129.89382546,  65.7518547 ,  68.99874687], [ 540.32866307, 295.21278052, 256.91775994, 204.99163606, 318.42192635,   556.54472013, 202.26405683, 217.73690384, 165.05934566, 114.01443938,    99.28332931,   8.52032086,  64.43965848], [ 248.13019977, 363.04621239,  52.71101722, 120.51095774, 194.7014642 ,   202.26405683, 421.06680402, 138.31131132,  90.0244063 , 147.42418039,    58.69668659,  64.52220439,  15.65511572], [ 736.59570513,  74.84485542, 206.31936281, 218.91876731, 266.27912601,   217.73690384, 138.31131132, 369.49000087, 213.95934959, 122.88938145,   142.0830084 ,  66.64709197, 102.70237657], [ 565.73672672,  90.63677912, 148.40883422, 247.38765845, 239.48080161,   165.05934566,  90.0244063 , 213.95934959, 297.24280181, 124.19658986,   127.9384074 ,  73.60615633,  89.92800453], [ 365.20203393, 138.60637329,  12.80376748,  50.80629347, 142.65156222,   114.01443938, 147.42418039, 122.88938145, 124.19658986, 218.7137596 ,    97.6849137 ,  52.93178952,  65.03168719], [ 392.46956813,  28.42326541, 144.71561608, 136.17988308, 129.89382546,    99.28332931,  58.69668659, 142.0830084 , 127.9384074 ,  97.6849137 ,   196.58203067,  84.86845305,  76.62443901], [ 175.30651236,  51.82349283,  50.38768591,  92.41970982,  65.7518547 ,     8.52032086,  64.52220439,  66.64709197,  73.60615633,  52.93178952,    84.86845305, 150.57832141,  66.57239065], [ 276.81576709, -42.31949992,  34.16562744,  37.43854067,  68.99874687,    64.43965848,  15.65511572, 102.70237657,  89.92800453,  65.03168719,    76.62443901,  66.57239065, 154.88852859]]
music/Electronic/Miike Snow - Genghis Khan.mp3; [-526.8072    , 118.00525   ,  30.75502   ,  26.705172  ,  10.738982  ,   13.392373  ,   1.5363337 ,   8.286197  ,   2.5720725 ,   3.5041716 ,    0.20769465,   0.8205654 ,   6.4166565 ]; [[11726.16626692,   68.74707442,  683.45819935,  621.87167396,   -233.02683129,   72.61903276,  -60.61867028,   74.34172631,    -60.43743472, -142.99493515, -174.19646155,   33.532888  ,     35.68428521], [   68.74707442, 1694.93918226, -166.12948907, -147.26385962,     53.59521825,   16.96172429,   80.11725448,   18.88166271,     14.5117116 ,  -14.01770362,   23.71488854,  -43.13241141,     64.42636587], [  683.45819935, -166.12948907,  649.89497467,  136.83272902,    -27.813791  ,   73.30318582,   23.61123255,   70.72304682,    -16.08500204,  -48.4511515 ,  -24.37527   ,   26.76164281,     23.37832856], [  621.87167396, -147.26385962,  136.83272902,  370.3537866 ,     61.44732258,  -43.13105466,   13.47475572,   -1.77751616,     17.50419115,  -14.36217595,  -35.78112448,   38.39573302,     30.98736699], [ -233.02683129,   53.59521825,  -27.813791  ,   61.44732258,    197.48283795,   25.03928577,    6.05404317,   11.93329759,     30.73788479,   26.42934335,   13.49205621,   15.22009026,     -5.76016407], [   72.61903276,   16.96172429,   73.30318582,  -43.13105466,     25.03928577,  149.26385931,   39.81556672,   34.23550828,     21.14648701,   29.39626243,   28.99800738,   -0.37936916,    -11.7947279 ], [  -60.61867028,   80.11725448,   23.61123255,   13.47475572,      6.05404317,   39.81556672,  159.17691012,   40.31712116,     -8.38765358,   23.55262937,   27.26531491,    8.05181958,     30.6104339 ], [   74.34172631,   18.88166271,   70.72304682,   -1.77751616,     11.93329759,   34.23550828,   40.31712116,   92.33771618,     23.65958144,    4.85215971,    7.88100785,    0.43175504,     -3.79464289], [  -60.43743472,   14.5117116 ,  -16.08500204,   17.50419115,     30.73788479,   21.14648701,   -8.38765358,   23.65958144,    110.64185486,   44.44670548,    9.81234133,   -1.47759367,      0.16036494], [ -142.99493515,  -14.01770362,  -48.4511515 ,  -14.36217595,     26.42934335,   29.39626243,   23.55262937,    4.85215971,     44.44670548,  103.6602597 ,   42.17116359,   -0.00753926,      5.97508702], [ -174.19646155,   23.71488854,  -24.37527   ,  -35.78112448,     13.49205621,   28.99800738,   27.26531491,    7.88100785,      9.81234133,   42.17116359,   83.61275312,   12.67659181,     -8.10592982], [   33.532888  ,  -43.13241141,   26.76164281,   38.39573302,     15.22009026,   -0.37936916,    8.05181958,    0.43175504,     -1.47759367,   -0.00753926,   12.67659181,   64.30175843,     22.27615432], [   35.68428521,   64.42636587,   23.37832856,   30.98736699,     -5.76016407,  -11.7947279 ,   30.6104339 ,   -3.79464289,      0.16036494,    5.97508702,   -8.10592982,   22.27615432,    102.08105305]]
music/Electronic/Alan Walker - Faded.mp3; [-568.2721    , 124.05154   ,   7.6311183 ,   8.969504  ,   3.4134867 ,    2.3242865 ,  10.6523    ,   4.7281933 ,   4.0289803 ,   2.9464731 ,    0.41327295,   1.1307925 ,   5.8820753 ]; [[19115.57871245,-4720.17939999, -106.9680656 ,  931.72530917,    190.77445297,  382.58966427,  743.43935851,  642.90448109,    549.72156257,  504.44003312,  385.43725079,  534.10283277,    565.85081237], [-4720.17939999, 3793.10382946, -524.16421892, -586.77830327,    -54.22346268, -186.85435892, -219.61926033, -319.48252013,   -212.34511005, -208.74397261, -203.99496703, -286.55817524,   -218.94878654], [ -106.9680656 , -524.16421892,  542.29143479,  110.37541258,     15.4505641 ,   64.38487587,   -5.5205237 ,   75.20311657,     25.7682731 ,   15.18149215,   44.48815557,   42.62992351,     -0.72898185], [  931.72530917, -586.77830327,  110.37541258,  311.80204103,     61.4651906 ,   36.11714006,   49.76764092,   85.40737461,     57.97261867,   50.01172955,   67.57271159,   81.79139564,     37.82310604], [  190.77445297,  -54.22346268,   15.4505641 ,   61.4651906 ,    150.58091114,   67.1473774 ,   28.85377501,   43.50732455,     26.21808124,   32.60650485,   29.69594643,   41.93168113,     30.58005738], [  382.58966427, -186.85435892,   64.38487587,   36.11714006,     67.1473774 ,  272.33551048,   36.72118455,   91.28209365,     22.61568121,   61.44753064,   24.53224081,   30.89378105,     19.58063668], [  743.43935851, -219.61926033,   -5.5205237 ,   49.76764092,     28.85377501,   36.72118455,  204.15153205,   47.55678964,     59.55973016,   45.85583529,   33.49335754,   43.67561699,     62.77252176], [  642.90448109, -319.48252013,   75.20311657,   85.40737461,     43.50732455,   91.28209365,   47.55678964,  163.93008702,     66.56106031,   54.90256874,   39.60782174,   64.3522089 ,     46.85507539], [  549.72156257, -212.34511005,   25.7682731 ,   57.97261867,     26.21808124,   22.61568121,   59.55973016,   66.56106031,    119.37221294,   60.47011576,   31.1775924 ,   41.78873059,     45.36463152], [  504.44003312, -208.74397261,   15.18149215,   50.01172955,     32.60650485,   61.44753064,   45.85583529,   54.90256874,     60.47011576,  128.09230619,   61.34959919,   54.51271238,     49.93806336], [  385.43725079, -203.99496703,   44.48815557,   67.57271159,     29.69594643,   24.53224081,   33.49335754,   39.60782174,     31.1775924 ,   61.34959919,  111.25907243,   78.30678361,     36.45717544], [  534.10283277, -286.55817524,   42.62992351,   81.79139564,     41.93168113,   30.89378105,   43.67561699,   64.3522089 ,     41.78873059,   54.51271238,   78.30678361,  143.05762344,     84.42581597], [  565.85081237, -218.94878654,   -0.72898185,   37.82310604,     30.58005738,   19.58063668,   62.77252176,   46.85507539,     45.36463152,   49.93806336,   36.45717544,   84.42581597,    138.32085443]]
music/Electronic/Dynatron - Pulse Power.mp3; [-568.52527  , 168.1009   ,  19.878836 ,  24.94563  ,   2.7284384,    4.9405456,  -1.8313242,   6.5968246,   5.9198694,   6.878197 ,    2.1004288,   2.2330768,  -0.9485553]; [[ 9775.29172326,-2379.71283444, -224.94908564,  157.58837272,    -55.10297758,  -60.10975105,   50.63778335,   30.68792018,     86.1272048 ,   20.08140706,  112.29251825,  148.61938704,    177.4075825 ], [-2379.71283444, 2535.25779941, -462.25020053, -237.57026951,    -72.19888838,   27.43385503, -113.76771393,   42.34903228,    -23.51513724,   59.52953574,  -29.00879068,   25.02825464,     46.63319012], [ -224.94908564, -462.25020053,  690.45896681,    6.86639726,     21.71299797,   12.69783274,   94.73150888,    2.03082423,     -7.68985965,  -19.68242049,   -5.2115856 ,  -32.42754572,    -24.70302409], [  157.58837272, -237.57026951,    6.86639726,  252.29886464,     50.99605373,   10.21724596,   26.78427081,   11.80897587,     -5.12652198,  -15.57221198,   -3.5175317 ,   -9.19067011,    -16.05985778], [  -55.10297758,  -72.19888838,   21.71299797,   50.99605373,    171.87047196,   19.61391955,    1.47712309,   -0.88273949,      6.75471712,  -15.72149129,   -2.01736851,    4.89778659,      0.1424321 ], [  -60.10975105,   27.43385503,   12.69783274,   10.21724596,     19.61391955,  105.99405319,   18.65228232,  -10.12385112,    -18.36491157,  -13.99779293,  -18.118536  ,   -1.63029789,     19.37172293], [   50.63778335, -113.76771393,   94.73150888,   26.78427081,      1.47712309,   18.65228232,  110.44970543,   25.60264442,     -6.75456781,  -22.00435819,  -10.21756121,  -22.48049971,    -13.43468118], [   30.68792018,   42.34903228,    2.03082423,   11.80897587,     -0.88273949,  -10.12385112,   25.60264442,   92.37233158,     27.52298266,   19.50576079,   -1.94591308,   -4.4186479 ,     -8.24649915], [   86.1272048 ,  -23.51513724,   -7.68985965,   -5.12652198,      6.75471712,  -18.36491157,   -6.75456781,   27.52298266,     73.77243359,   36.61353685,   20.75867048,    4.43002278,     -0.06827897], [   20.08140706,   59.52953574,  -19.68242049,  -15.57221198,    -15.72149129,  -13.99779293,  -22.00435819,   19.50576079,     36.61353685,   79.70068454,   36.76399267,   19.18539076,      8.7895039 ], [  112.29251825,  -29.00879068,   -5.2115856 ,   -3.5175317 ,     -2.01736851,  -18.118536  ,  -10.21756121,   -1.94591308,     20.75867048,   36.76399267,   60.80486127,   26.47384617,     10.35296469], [  148.61938704,   25.02825464,  -32.42754572,   -9.19067011,      4.89778659,   -1.63029789,  -22.48049971,   -4.4186479 ,      4.43002278,   19.18539076,   26.47384617,   64.3855485 ,     30.79586983], [  177.4075825 ,   46.63319012,  -24.70302409,  -16.05985778,      0.1424321 ,   19.37172293,  -13.43468118,   -8.24649915,     -0.06827897,    8.7895039 ,   10.35296469,   30.79586983,     64.26366294]]
