music/Other Metal/Kvelertak - Åpenbaring.wav; [-531.5437    , 116.01522   , -66.36289   ,  33.860462  ,   3.214535  ,    8.288953  ,   6.1012497 ,  11.430558  ,   2.6086538 ,   0.48842362,   -2.9976423 ,  -1.5425794 ,  -3.4907022 ]; [[12399.76465668,-1155.81647885,  866.23779979,  347.6881398 ,    993.32711349,  590.68620175,  164.3770563 , -121.58439986,      0.16098617, -152.10895275,  -44.63426744,  178.15588938,    -89.23843287], [-1155.81647885,  510.37080468, -120.28766983,   12.5815975 ,    -90.55661749,  -36.29079509,   18.95191469,   23.08205092,     20.60461379,   17.67569144,    4.31876028,  -18.50377678,     -0.86458364], [  866.23779979, -120.28766983, 1171.34164165, -228.16303904,    480.96391862,  193.84354663,  246.85745399,   64.92244788,    125.02646467,   69.1655064 ,   40.46098273,   99.06682965,    -20.22716313], [  347.6881398 ,   12.5815975 , -228.16303904,  232.17624047,    -64.91005988,    5.19129174,  -96.15201658,   -8.83098469,    -32.71902371,    1.85105022,   -2.4575984 ,   -5.29855473,      7.20648955], [  993.32711349,  -90.55661749,  480.96391862,  -64.91005988,    328.53575854,  131.14723495,  105.66590809,    0.14012432,     56.38001225,   12.32990284,   14.94756568,   59.05301218,     -6.70634451], [  590.68620175,  -36.29079509,  193.84354663,    5.19129174,    131.14723495,  178.16812073,   70.62619867,   35.40890954,     -0.77500852,    8.06199576,   -3.01280592,   26.84875478,     -7.68551402], [  164.3770563 ,   18.95191469,  246.85745399,  -96.15201658,    105.66590809,   70.62619867,  161.05456188,   48.0405369 ,     38.73503335,    1.97132042,    3.53313868,   15.042074  ,     -6.24946708], [ -121.58439986,   23.08205092,   64.92244788,   -8.83098469,      0.14012432,   35.40890954,   48.0405369 ,   84.43972097,     29.83714405,   21.49135552,    3.09371251,    4.29205005,      0.08798785], [    0.16098617,   20.60461379,  125.02646467,  -32.71902371,     56.38001225,   -0.77500852,   38.73503335,   29.83714405,     74.19320868,   35.54178153,   12.9515596 ,    8.90425924,     -1.31291844], [ -152.10895275,   17.67569144,   69.1655064 ,    1.85105022,     12.32990284,    8.06199576,    1.97132042,   21.49135552,     35.54178153,   68.51756363,   32.82695644,   14.38540284,      3.09764782], [  -44.63426744,    4.31876028,   40.46098273,   -2.4575984 ,     14.94756568,   -3.01280592,    3.53313868,    3.09371251,     12.9515596 ,   32.82695644,   49.27992439,   26.28291614,      9.30887531], [  178.15588938,  -18.50377678,   99.06682965,   -5.29855473,     59.05301218,   26.84875478,   15.042074  ,    4.29205005,      8.90425924,   14.38540284,   26.28291614,   62.18456109,     21.10079702], [  -89.23843287,   -0.86458364,  -20.22716313,    7.20648955,     -6.70634451,   -7.68551402,   -6.24946708,    0.08798785,     -1.31291844,    3.09764782,    9.30887531,   21.10079702,     41.32985921]]
