music/Sountrack/Outlander - Dance of the Druids (feat Raya Yarbrough).mp3; [-759.4703    , 145.44966   , -15.678333  ,   4.110611  ,  -6.9966288 ,   -2.6783485 ,  -4.685175  ,   3.4183323 ,  -5.912119  ,   0.05794139,   -3.379861  ,   0.19710758,   3.1047392 ]; [[18074.15478012, 2643.2217355 ,  985.59605032, 1338.11318009,    811.53582472,  728.48741676,  420.33433777,  836.83202406,    354.69442344,  530.14291296,   27.81621575,  188.41261199,    189.30327648], [ 2643.2217355 , 2310.03165485,  656.62336087,  189.15148696,    293.99648302,   97.07967478,  -61.28494875,  -94.65896171,   -133.88944507,  -51.45349238, -146.83797397,  -44.68702242,    -60.38877858], [  985.59605032,  656.62336087,  868.34763341,  318.48959437,    232.49116186,  186.39990595,   68.94363255,   37.5361192 ,      3.41503975,   -9.98157986,  -73.54014657,  -54.79432332,    -81.41077689], [ 1338.11318009,  189.15148696,  318.48959437,  632.22125505,    199.48563995,  142.17264864,  125.06148891,   95.83823677,    134.69953567,   51.29031212,  -23.59852089,  -51.62075415,     -0.13632461], [  811.53582472,  293.99648302,  232.49116186,  199.48563995,    296.54720324,  147.98577758,   76.27834636,   83.61666618,     43.66476943,   41.03964333,   -2.6888028 ,   15.59571828,     10.42049255], [  728.48741676,   97.07967478,  186.39990595,  142.17264864,    147.98577758,  249.33796096,  186.73381159,  130.30761876,     33.82347939,   35.2393049 ,   10.50715633,   27.23018438,     29.01488925], [  420.33433777,  -61.28494875,   68.94363255,  125.06148891,     76.27834636,  186.73381159,  311.67458596,  188.77212653,     52.32801541,   40.29932386,    6.52052604,   27.10095629,     49.652841  ], [  836.83202406,  -94.65896171,   37.5361192 ,   95.83823677,     83.61666618,  130.30761876,  188.77212653,  303.16429597,    111.06660224,   62.15548213,    0.00436622,   10.91087981,     34.79652424], [  354.69442344, -133.88944507,    3.41503975,  134.69953567,     43.66476943,   33.82347939,   52.32801541,  111.06660224,    204.04723826,  106.93509708,   42.93826341,  -19.80769897,    -14.00557852], [  530.14291296,  -51.45349238,   -9.98157986,   51.29031212,     41.03964333,   35.2393049 ,   40.29932386,   62.15548213,    106.93509708,  193.59994689,  113.14901326,   39.03968123,      8.48907149], [   27.81621575, -146.83797397,  -73.54014657,  -23.59852089,     -2.6888028 ,   10.50715633,    6.52052604,    0.00436622,     42.93826341,  113.14901326,  181.88533487,   90.69351534,     29.39838231], [  188.41261199,  -44.68702242,  -54.79432332,  -51.62075415,     15.59571828,   27.23018438,   27.10095629,   10.91087981,    -19.80769897,   39.03968123,   90.69351534,  168.03402127,     99.20302528], [  189.30327648,  -60.38877858,  -81.41077689,   -0.13632461,     10.42049255,   29.01488925,   49.652841  ,   34.79652424,    -14.00557852,    8.48907149,   29.39838231,   99.20302528,    160.90823575]]
music/Hip Hop English/Chiddy Bang - Opposite Of Adults.mp3; [-539.9829    ,  76.63294   ,  11.789239  ,  15.306618  ,  10.471528  ,    8.517993  ,   1.698624  ,   3.2614155 ,  -1.8224418 ,   6.260804  ,    1.1806899 ,  -2.7799873 ,  -0.16732234]; [[11637.13674956, 1118.62556404, 1260.71312956,  366.15589682,    449.7586482 ,  359.93647242,  128.05277149,   26.96222844,     48.97580393,  251.53630489,  -19.86106609,  -73.49165609,    -48.3583526 ], [ 1118.62556404, 1657.3770388 ,   83.30690844,  -51.50925506,    181.04683641,   -7.00014334,  151.44685377,  115.69316751,     45.85022658,  119.18332929,   86.18218885,   38.76791801,     19.98536097], [ 1260.71312956,   83.30690844, 1790.73640159,  431.89824342,    267.78993611,  234.86122864,  168.72165647,   20.81061748,     77.11175548,  -14.4389653 ,  -98.50501586,  -20.80154459,      3.7110614 ], [  366.15589682,  -51.50925506,  431.89824342,  487.12296827,    255.82042247,   65.96441683,    4.02103093,   37.77139104,     53.76862105,   29.27585169,  -20.79574766,   10.2802809 ,     47.41236523], [  449.7586482 ,  181.04683641,  267.78993611,  255.82042247,    377.91989501,  130.02819402,   12.03401124,   16.37115822,     76.19902629,   72.94593507,    5.81187608,    7.70837599,     19.95158128], [  359.93647242,   -7.00014334,  234.86122864,   65.96441683,    130.02819402,  337.78620074,  148.81799002,   53.07099047,     76.14128707,   48.24679659,   70.79587127,   46.01877939,    -10.98088556], [  128.05277149,  151.44685377,  168.72165647,    4.02103093,     12.03401124,  148.81799002,  231.08887518,  114.43558739,     43.03552705,   26.95352141,   59.12404507,   47.25675388,     16.43217102], [   26.96222844,  115.69316751,   20.81061748,   37.77139104,     16.37115822,   53.07099047,  114.43558739,  178.41192516,     78.90323822,   26.60299949,   45.84198668,   33.96672813,     31.60203343], [   48.97580393,   45.85022658,   77.11175548,   53.76862105,     76.19902629,   76.14128707,   43.03552705,   78.90323822,    134.28123543,   62.63628527,   28.38517005,   20.69171483,      8.05906521], [  251.53630489,  119.18332929,  -14.4389653 ,   29.27585169,     72.94593507,   48.24679659,   26.95352141,   26.60299949,     62.63628527,  131.55939089,   57.92683452,   21.23064678,     16.31999633], [  -19.86106609,   86.18218885,  -98.50501586,  -20.79574766,      5.81187608,   70.79587127,   59.12404507,   45.84198668,     28.38517005,   57.92683452,  128.91013244,   56.57937977,      3.96558266], [  -73.49165609,   38.76791801,  -20.80154459,   10.2802809 ,      7.70837599,   46.01877939,   47.25675388,   33.96672813,     20.69171483,   21.23064678,   56.57937977,   92.63632945,     42.22557339], [  -48.3583526 ,   19.98536097,    3.7110614 ,   47.41236523,     19.95158128,  -10.98088556,   16.43217102,   31.60203343,      8.05906521,   16.31999633,    3.96558266,   42.22557339,     99.20959042]]
music/Hip Hop English/Achozen - Deuces.mp3; [-566.7651   ,  96.314964 ,  27.962257 ,  36.01231  ,  12.35767  ,   18.32688  ,   7.6796546,  11.040942 ,   4.518519 ,   1.6041454,   -3.1442502,  -1.8927428,  -6.908868 ]; [[13532.45311281,-1187.1639811 , -367.84874238, -447.91527131,    -90.06741974,  -42.45542604, -668.62403283, -160.30851511,   -184.37301115,   -6.88515872, -135.15048011, -166.63850365,     32.16614472], [-1187.1639811 , 2506.28728756, -559.49789775, -211.58785934,     49.80313907, -117.93131039,  -70.95892552,   95.69248919,   -111.06221816,   -6.01202029,   -8.48608742, -122.53676701,    -28.32836539], [ -367.84874238, -559.49789775, 1184.82605069,  143.66924661,    113.69501654,  123.11546957,  105.15781225,  -25.9073556 ,     -2.0965029 ,   27.53706523,   40.59551889,   63.98329386,    -17.82224723], [ -447.91527131, -211.58785934,  143.66924661,  412.90227258,     88.89017452,   92.70384071,   90.20784725,  -34.71007825,     46.01821145,  -18.66086755,  -12.67139951,   14.78496865,    -28.76834457], [  -90.06741974,   49.80313907,  113.69501654,   88.89017452,    305.43277333,  102.62489401,   -6.85061982,   27.85762801,     -5.04254093,    6.82115346,  -26.43691105,  -43.29570172,    -31.95169261], [  -42.45542604, -117.93131039,  123.11546957,   92.70384071,    102.62489401,  178.95543062,   75.73512605,   23.09605314,     21.29079545,   -1.91916261,  -27.50269013,  -31.50792146,    -53.17100179], [ -668.62403283,  -70.95892552,  105.15781225,   90.20784725,     -6.85061982,   75.73512605,  246.60740808,   43.09782904,     83.58283597,    0.0373427 ,   12.60352252,   30.51215456,    -46.95338509], [ -160.30851511,   95.69248919,  -25.9073556 ,  -34.71007825,     27.85762801,   23.09605314,   43.09782904,  126.58770127,     34.13823289,   19.98502947,    5.34712413,   -8.7584531 ,     -6.9365933 ], [ -184.37301115, -111.06221816,   -2.0965029 ,   46.01821145,     -5.04254093,   21.29079545,   83.58283597,   34.13823289,    154.50142154,   42.73765605,   32.101922  ,   36.86669706,    -15.31981379], [   -6.88515872,   -6.01202029,   27.53706523,  -18.66086755,      6.82115346,   -1.91916261,    0.0373427 ,   19.98502947,     42.73765605,  105.32916267,   54.91900115,   20.25821841,      3.08193119], [ -135.15048011,   -8.48608742,   40.59551889,  -12.67139951,    -26.43691105,  -27.50269013,   12.60352252,    5.34712413,     32.101922  ,   54.91900115,  104.80881108,   74.69827991,     30.7617579 ], [ -166.63850365, -122.53676701,   63.98329386,   14.78496865,    -43.29570172,  -31.50792146,   30.51215456,   -8.7584531 ,     36.86669706,   20.25821841,   74.69827991,  136.48884747,     55.96862295], [   32.16614472,  -28.32836539,  -17.82224723,  -28.76834457,    -31.95169261,  -53.17100179,  -46.95338509,   -6.9365933 ,    -15.31981379,    3.08193119,   30.7617579 ,   55.96862295,    106.8056373 ]]
music/Hip Hop English/Kid Cudi - Mr Rager.mp3; [-621.5959    , 169.64134   ,  12.961672  ,  18.06603   ,   4.5704618 ,   15.545733  ,  11.779018  ,   8.479564  ,   3.3809037 ,  -0.07756869,    5.476359  ,  -0.42078802,  -5.119468  ]; [[ 9699.02086285,-1159.35984761, 1048.7549051 ,  468.56431553,    579.13761307,  356.6836358 , -347.35079437,  -55.02933119,    348.95733078,  264.0533334 ,  178.86190678,  152.50650558,     52.67126021], [-1159.35984761, 2069.5753058 , -312.18515019,  260.69541232,     96.7832692 ,  -89.35776367,   90.51038777,    3.91158671,    118.73992761,  -73.7554274 , -147.06501848,   18.04796212,    144.00527123], [ 1048.7549051 , -312.18515019, 1073.56095232,   66.21444227,    187.91088283,   86.10042786,   26.47947552,   91.70845664,     97.17360575,  -36.92835986,   44.30925032,   33.47247392,     11.44421083], [  468.56431553,  260.69541232,   66.21444227,  552.22860541,    206.75846718,  127.34317553,   43.46339037,   74.51636454,     83.4011939 ,   59.1319963 ,  -44.56633496,    5.97003719,     32.96461378], [  579.13761307,   96.7832692 ,  187.91088283,  206.75846718,    395.84397852,  106.41463625,    3.31303217,   44.95102534,     70.2332412 ,   56.44029731,   -9.07037536,   10.70895998,     33.88554871], [  356.6836358 ,  -89.35776367,   86.10042786,  127.34317553,    106.41463625,  272.65004241,   64.71753468,   88.85259568,     13.51755692,   79.00059153,   61.88732575,   19.16336194,    -11.17927025], [ -347.35079437,   90.51038777,   26.47947552,   43.46339037,      3.31303217,   64.71753468,  219.76847293,   84.55091522,     14.72753501,    3.28277997,   20.97319026,   23.08854043,     -6.44436202], [  -55.02933119,    3.91158671,   91.70845664,   74.51636454,     44.95102534,   88.85259568,   84.55091522,  240.53362515,     28.09867059,   35.87268049,   22.19462494,  -21.67346561,    -13.01053911], [  348.95733078,  118.73992761,   97.17360575,   83.4011939 ,     70.2332412 ,   13.51755692,   14.72753501,   28.09867059,    208.92186673,   62.53070087,    6.53353076,   15.66825992,     24.08446486], [  264.0533334 ,  -73.7554274 ,  -36.92835986,   59.1319963 ,     56.44029731,   79.00059153,    3.28277997,   35.87268049,     62.53070087,  195.16220513,   75.84860753,   -7.34250489,     -6.79413411], [  178.86190678, -147.06501848,   44.30925032,  -44.56633496,     -9.07037536,   61.88732575,   20.97319026,   22.19462494,      6.53353076,   75.84860753,  185.67819544,   29.78578261,    -31.26811029], [  152.50650558,   18.04796212,   33.47247392,    5.97003719,     10.70895998,   19.16336194,   23.08854043,  -21.67346561,     15.66825992,   -7.34250489,   29.78578261,  121.9353658 ,     33.58375665], [   52.67126021,  144.00527123,   11.44421083,   32.96461378,     33.88554871,  -11.17927025,   -6.44436202,  -13.01053911,     24.08446486,   -6.79413411,  -31.26811029,   33.58375665,    131.16944298]]
music/Hip Hop English/Ice Cube - It Was A Good Day.mp3; [-591.0936   , 143.23215  ,  -8.503807 ,  18.612446 ,   7.6386337,    1.8623457,  -7.234304 ,   2.952224 ,   2.6637444,   2.356552 ,    1.7535973,   4.9348063,   1.4405415]; [[ 6321.97840415,-2534.35333639,  792.22466415,   -9.10668305,   -243.99633546,  507.09981263,    2.05576343,   66.81099146,      0.66529322,  -29.68842565,   40.86166892, -170.23214896,   -136.9290258 ], [-2534.35333639, 3258.20781415,-1064.89603579,  115.52056174,    348.99266207, -248.93861154,  126.08656924,   98.99536153,     18.55336292,   44.57585743,   25.14960462,  103.62584899,     20.97122121], [  792.22466415,-1064.89603579, 1262.0014899 ,    7.07913386,    -77.01844708,  289.71708072,   92.91531694,  114.64337364,     98.87707329,   12.12242306,   -4.48243534,  -44.48492129,     26.16230862], [   -9.10668305,  115.52056174,    7.07913386,  444.98515672,     97.43438667,   74.65583348,  119.19971776,   38.96660613,     33.81039857,   11.04812006,  -27.60620753,   22.11487484,     13.11712223], [ -243.99633546,  348.99266207,  -77.01844708,   97.43438667,    281.08508579,   16.84250583,    3.32000233,    6.52304309,      9.26732818,   61.94032378,   25.65406438,   13.71565781,      3.23789835], [  507.09981263, -248.93861154,  289.71708072,   74.65583348,     16.84250583,  266.19692524,  106.83111918,   53.99094052,     59.10609012,   48.75211639,   14.76322265,  -13.22498824,    -14.10518669], [    2.05576343,  126.08656924,   92.91531694,  119.19971776,      3.32000233,  106.83111918,  232.91553097,   63.28546874,     50.88034938,   36.8348024 ,   -4.28360221,   22.80968852,     17.56802107], [   66.81099146,   98.99536153,  114.64337364,   38.96660613,      6.52304309,   53.99094052,   63.28546874,  153.08142571,     47.56041357,    9.84843375,    8.45358462,   -0.86561766,     18.94831813], [    0.66529322,   18.55336292,   98.87707329,   33.81039857,      9.26732818,   59.10609012,   50.88034938,   47.56041357,    146.02358791,   31.80906518,   -4.00385669,   11.93931807,     -7.91542083], [  -29.68842565,   44.57585743,   12.12242306,   11.04812006,     61.94032378,   48.75211639,   36.8348024 ,    9.84843375,     31.80906518,  138.78319588,   40.77442551,    6.61994602,      2.29295224], [   40.86166892,   25.14960462,   -4.48243534,  -27.60620753,     25.65406438,   14.76322265,   -4.28360221,    8.45358462,     -4.00385669,   40.77442551,   96.30408485,    5.2392117 ,     -8.12650221], [ -170.23214896,  103.62584899,  -44.48492129,   22.11487484,     13.71565781,  -13.22498824,   22.80968852,   -0.86561766,     11.93931807,    6.61994602,    5.2392117 ,   81.17304252,     26.44066323], [ -136.9290258 ,   20.97122121,   26.16230862,   13.11712223,      3.23789835,  -14.10518669,   17.56802107,   18.94831813,     -7.91542083,    2.29295224,   -8.12650221,   26.44066323,     82.7906202 ]]
music/Hip Hop English/Bliss n Eso - Tear The Roof Off (feat Watsky).mp3; [-549.6147   , 110.85409  ,  10.259263 ,  19.226868 ,   5.0113497,    9.383663 ,   2.8388247,   9.587711 ,   2.379524 ,   5.2496657,    5.5963063,   4.2210975,   3.9894156]; [[8114.84808805,-325.24801824, -40.24187908,-263.16202912, -18.12572236,    30.7007003 ,-340.52663155,   8.47042986, -10.90347755, 113.01947108,   118.33575674, 189.0022867 ,-114.14038645], [-325.24801824,1982.46814167,-170.01569965, -18.24063158, -14.5053599 ,  -114.55713081, 106.63009574,  63.88688446,   0.53646578,  53.80207894,     8.08536423, -27.72293227, -12.03904634], [ -40.24187908,-170.01569965, 978.0301275 , 271.98461919, 188.42025706,   243.54881327, 135.65669514,  80.32193079,  92.67237815,  22.24886592,    42.20379834,   7.17285522,  52.20449015], [-263.16202912, -18.24063158, 271.98461919, 675.13494501, 315.22844666,    98.03519369, 192.10720426,  60.34677056,  74.66736882,  47.44719942,   -10.06374797,  49.75900483, 111.15068237], [ -18.12572236, -14.5053599 , 188.42025706, 315.22844666, 494.2613167 ,   224.03330915,  74.99096542,  38.93465111, 103.38596942,  47.30911257,    35.29221431,  41.96190979,  68.04379928], [  30.7007003 ,-114.55713081, 243.54881327,  98.03519369, 224.03330915,   412.15591255, 157.71391913,  75.11357653, 118.69293824,  30.03041262,    82.91920508,  17.12747119,  42.26365189], [-340.52663155, 106.63009574, 135.65669514, 192.10720426,  74.99096542,   157.71391913, 432.78575082, 148.33617634,  93.86137269,  62.10997685,    54.06103371,  30.33297191,  85.62614243], [   8.47042986,  63.88688446,  80.32193079,  60.34677056,  38.93465111,    75.11357653, 148.33617634, 254.36495631,  85.15542806,  50.92291715,    51.41390393,  45.00486043,  34.66967932], [ -10.90347755,   0.53646578,  92.67237815,  74.66736882, 103.38596942,   118.69293824,  93.86137269,  85.15542806, 199.85332869,  65.03372234,    57.37950002,  18.42444842,  35.12607528], [ 113.01947108,  53.80207894,  22.24886592,  47.44719942,  47.30911257,    30.03041262,  62.10997685,  50.92291715,  65.03372234, 171.43785406,    78.50165228,  33.63028631,   7.9485206 ], [ 118.33575674,   8.08536423,  42.20379834, -10.06374797,  35.29221431,    82.91920508,  54.06103371,  51.41390393,  57.37950002,  78.50165228,   149.30367937,  51.28263669,  23.17437714], [ 189.0022867 , -27.72293227,   7.17285522,  49.75900483,  41.96190979,    17.12747119,  30.33297191,  45.00486043,  18.42444842,  33.63028631,    51.28263669, 130.45873413,  53.6717805 ], [-114.14038645, -12.03904634,  52.20449015, 111.15068237,  68.04379928,    42.26365189,  85.62614243,  34.66967932,  35.12607528,   7.9485206 ,    23.17437714,  53.6717805 , 160.11267163]]
music/Hip Hop English/Eminem - Not Afraid.mp3; [-510.313    , 107.43534  ,  -4.90826  ,   6.1293035,   4.195646 ,   -3.3963509,  -8.919351 ,   4.7299595,  -4.562223 ,  -1.3596787,    2.3653708,  -1.038403 ,  -0.5896628]; [[ 4905.06316824,-2176.45995951,  108.80400783,  -52.9846997 ,   -275.300541  ,  -55.06872611, -124.24038008,  -22.78048241,      5.79446578,   37.02496109,   90.70488647,   49.12065755,    -36.29606651], [-2176.45995951, 2271.33116247, -475.67022706,  108.66002145,    190.93018445,   40.53060611,  160.90085492,  108.8468962 ,    -12.55110453,  -31.2223603 ,   31.59925609,  -65.01329328,     11.65381782], [  108.80400783, -475.67022706,  971.42060987,    5.26916313,     49.18522873,  100.70602403,   70.21121405,  -55.99162101,     48.12374188,   42.81716501,  -60.01263601,   66.3659578 ,     40.48010042], [  -52.9846997 ,  108.66002145,    5.26916313,  332.87037244,     94.95927634,    8.8701965 ,  -25.72959033,   18.95584334,     60.0489368 ,   51.2448392 ,   -6.10420247,    6.28668105,     39.70409747], [ -275.300541  ,  190.93018445,   49.18522873,   94.95927634,    332.79425435,    1.08816241,  -43.60537574,   23.21194418,     56.90900107,   38.01951989,   13.48499773,   -2.50470653,      9.57318624], [  -55.06872611,   40.53060611,  100.70602403,    8.8701965 ,      1.08816241,  211.49161421,  104.0622049 ,   17.53503437,     28.75453251,   39.09937274,   36.05996345,   42.08945652,     -0.84124505], [ -124.24038008,  160.90085492,   70.21121405,  -25.72959033,    -43.60537574,  104.0622049 ,  237.65247137,   75.35779302,      4.88695771,    8.36557975,   42.29422879,   37.19512737,      3.69271299], [  -22.78048241,  108.8468962 ,  -55.99162101,   18.95584334,     23.21194418,   17.53503437,   75.35779302,  173.84081508,     40.35585496,    9.57930697,   50.30231265,   22.68961581,     23.8424118 ], [    5.79446578,  -12.55110453,   48.12374188,   60.0489368 ,     56.90900107,   28.75453251,    4.88695771,   40.35585496,    124.19231049,   63.61478268,   14.24097358,   16.72313701,     18.35076569], [   37.02496109,  -31.2223603 ,   42.81716501,   51.2448392 ,     38.01951989,   39.09937274,    8.36557975,    9.57930697,     63.61478268,  131.9050612 ,   41.24554236,   23.26529398,     21.22715037], [   90.70488647,   31.59925609,  -60.01263601,   -6.10420247,     13.48499773,   36.05996345,   42.29422879,   50.30231265,     14.24097358,   41.24554236,  120.62956499,   37.72023639,     -1.98084008], [   49.12065755,  -65.01329328,   66.3659578 ,    6.28668105,     -2.50470653,   42.08945652,   37.19512737,   22.68961581,     16.72313701,   23.26529398,   37.72023639,   89.96765302,     29.4152813 ], [  -36.29606651,   11.65381782,   40.48010042,   39.70409747,      9.57318624,   -0.84124505,    3.69271299,   23.8424118 ,     18.35076569,   21.22715037,   -1.98084008,   29.4152813 ,     97.09314603]]
music/Hip Hop English/Grits - Here We Go.mp3; [-558.43677   , 114.44701   ,  19.847933  ,  29.175274  ,  16.388885  ,    2.593945  ,   0.50132036,   0.70645297,  -2.9106314 ,   1.2964576 ,    3.4060059 ,  -1.2162868 ,   0.50550556]; [[9546.99902299,-513.79839373,-676.6867668 ,  90.74503482,   5.17633455,   -44.69729271, 126.76749778, 166.26990417, 145.85962677, 178.49572265,   168.3888232 ,  88.09252486,  99.80552929], [-513.79839373,1618.48258995,  23.55029889, -80.94166845,  45.28881576,   -80.07833171,   8.09358519,  -0.8226806 , -42.97224453, -21.80177699,    34.57659819,   7.62868239,   1.64143145], [-676.6867668 ,  23.55029889, 934.05038469, 231.48764563,  89.4518778 ,   101.41883196,  19.3383374 ,  16.04099246,  22.83891145, -24.21269993,   -16.90117904,  13.40065681,   2.95530598], [  90.74503482, -80.94166845, 231.48764563, 453.00400582, 177.56457877,    67.54113276,   2.88233255,  23.05202071,  22.37444077,  39.46220503,     8.48436755,  11.17537567,  30.72818234], [   5.17633455,  45.28881576,  89.4518778 , 177.56457877, 313.44911178,    70.0959288 , -36.03169818, -37.74052083,  24.0224548 ,  54.01582344,    12.44824067,   0.64071081,   9.67302626], [ -44.69729271, -80.07833171, 101.41883196,  67.54113276,  70.0959288 ,   210.91511136,  92.83864592,  16.14156803,  30.2687647 ,  29.45061715,    29.50567863,  19.92082926,  -2.77410815], [ 126.76749778,   8.09358519,  19.3383374 ,   2.88233255, -36.03169818,    92.83864592, 216.42172514,  86.36261067,  24.93560747,  12.80396762,    27.38444496,  36.95917994,   8.1335816 ], [ 166.26990417,  -0.8226806 ,  16.04099246,  23.05202071, -37.74052083,    16.14156803,  86.36261067, 181.18786611,  54.72533381,   6.74097318,    43.84215753,  34.37416002,  16.02159259], [ 145.85962677, -42.97224453,  22.83891145,  22.37444077,  24.0224548 ,    30.2687647 ,  24.93560747,  54.72533381, 126.23233629,  59.84143325,    24.01055433,  18.57587124,  16.53821313], [ 178.49572265, -21.80177699, -24.21269993,  39.46220503,  54.01582344,    29.45061715,  12.80396762,   6.74097318,  59.84143325, 127.71262465,    49.30489909,  15.22359847,  15.98901807], [ 168.3888232 ,  34.57659819, -16.90117904,   8.48436755,  12.44824067,    29.50567863,  27.38444496,  43.84215753,  24.01055433,  49.30489909,   128.3750269 ,  55.75126237,   6.23739991], [  88.09252486,   7.62868239,  13.40065681,  11.17537567,   0.64071081,    19.92082926,  36.95917994,  34.37416002,  18.57587124,  15.22359847,    55.75126237,  84.68990154,  35.74874891], [  99.80552929,   1.64143145,   2.95530598,  30.72818234,   9.67302626,    -2.77410815,   8.1335816 ,  16.02159259,  16.53821313,  15.98901807,     6.23739991,  35.74874891,  92.59120903]]
