music/Other Metal/Eluveitie - Neverland.mp3; [-455.016     , 101.46793   ,  -5.9735255 ,  32.370243  ,   2.230032  ,    9.4454365 ,   2.4758484 ,   0.30770385,   5.8448224 ,   5.8543572 ,    0.16566257,   0.19869392,  -1.9859726 ]; [[5223.08804332, -54.4790791 , -41.15674418,   5.86107383,-145.46071515,    28.39439415, 127.23459068, 143.93733308,  74.98721544,  27.88359182,   -54.5467828 ,  -4.32068992, -76.5436193 ], [ -54.4790791 , 590.10412431, -99.13060226, 215.13628031,   8.04100375,    59.3943182 , 104.68211332,  -3.60482735,  10.41165732, -22.65732372,    -7.73288183,  24.35142753,  52.76747208], [ -41.15674418, -99.13060226, 347.15998483, 113.69356636,  92.45179222,     8.87791628,  -3.77303206,  -4.98463305, -23.29318248,  20.92875669,     1.55028005,  14.42598445,  32.42042343], [   5.86107383, 215.13628031, 113.69356636, 467.55160514,  82.32643565,    67.5902002 ,  59.14963281, -22.51922614,  13.88826463,   4.94612419,   -12.3467388 ,  13.83208816,  76.56386594], [-145.46071515,   8.04100375,  92.45179222,  82.32643565, 155.03430018,    33.12921009, -16.03515156, -26.93466453,   0.42123323,  33.20627117,    11.43357442,   7.63619148,  10.47797156], [  28.39439415,  59.3943182 ,   8.87791628,  67.5902002 ,  33.12921009,   102.89446585,  59.23892389,   0.81794578,  -5.82567902,   0.92179193,     7.63370932,   9.01040647,  11.80853582], [ 127.23459068, 104.68211332,  -3.77303206,  59.14963281, -16.03515156,    59.23892389, 150.99579769,  43.52221512,  11.76523583, -25.4514482 ,    -4.98393209,  21.33292719,  22.55554055], [ 143.93733308,  -3.60482735,  -4.98463305, -22.51922614, -26.93466453,     0.81794578,  43.52221512,  93.87108685,  35.47627378,  -1.48415287,    -6.58858359,   8.69627538,  -3.44529265], [  74.98721544,  10.41165732, -23.29318248,  13.88826463,   0.42123323,    -5.82567902,  11.76523583,  35.47627378,  71.82561567,  25.96301541,    -0.35548328, -10.99312196,  -7.14068229], [  27.88359182, -22.65732372,  20.92875669,   4.94612419,  33.20627117,     0.92179193, -25.4514482 ,  -1.48415287,  25.96301541,  78.71513519,    24.07293427,   5.16016364, -10.90499682], [ -54.5467828 ,  -7.73288183,   1.55028005, -12.3467388 ,  11.43357442,     7.63370932,  -4.98393209,  -6.58858359,  -0.35548328,  24.07293427,    63.35926686,  30.25422801,   2.04705795], [  -4.32068992,  24.35142753,  14.42598445,  13.83208816,   7.63619148,     9.01040647,  21.33292719,   8.69627538, -10.99312196,   5.16016364,    30.25422801,  67.08001747,  31.92151387], [ -76.5436193 ,  52.76747208,  32.42042343,  76.56386594,  10.47797156,    11.80853582,  22.55554055,  -3.44529265,  -7.14068229, -10.90499682,     2.04705795,  31.92151387,  74.84387819]]
music/Other Metal/Trivium - The Crusade.mp3; [-525.3876   ,  95.42003  ,   4.3510065,  46.921005 ,   0.7954221,    9.987515 ,   3.3389814,   5.6834745,   1.7492989,  -1.2285314,   -2.4186704,  -0.52269  ,  -3.5759192]; [[9177.54912024,-209.88886464,  35.18373814, 342.53634385,  39.01540234,   134.57392861, 201.80650786, 177.89027909, 169.24590958,  59.83486558,   117.0934344 ,  55.35969951,  52.53271798], [-209.88886464, 736.23264021,   2.05236859, 128.8754519 ,  32.66968566,    36.46114001, -35.4455297 , -29.95850219, -30.75639796, -11.47081697,   -27.86392232,  -8.97875704, -41.08631851], [  35.18373814,   2.05236859, 487.0656949 , -52.40159098, 176.46371168,    19.26969729, -10.63711608,  31.67315422, -34.04384672,  26.73617617,    -5.57624634,  -2.1695716 , -13.72082471], [ 342.53634385, 128.8754519 , -52.40159098, 192.13616815,  14.3723941 ,    63.92789792,  48.53804946,  34.93617489,  43.39676304,  14.08160184,    28.50862685,  14.37461061,  13.27125798], [  39.01540234,  32.66968566, 176.46371168,  14.3723941 , 158.70438485,    56.1306511 ,  40.70599949,  25.88107002,  12.90120508,  23.63417713,    11.90601082,  11.20499076,  -1.33822754], [ 134.57392861,  36.46114001,  19.26969729,  63.92789792,  56.1306511 ,   107.53624878,  56.15218622,  47.31155815,  25.35397096,  17.50920567,    24.51599693,  16.63916615,  12.01294614], [ 201.80650786, -35.4455297 , -10.63711608,  48.53804946,  40.70599949,    56.15218622, 122.48850259,  64.63354569,  58.51758648,  14.39519504,    27.41536079,  13.20638897,  15.41634078], [ 177.89027909, -29.95850219,  31.67315422,  34.93617489,  25.88107002,    47.31155815,  64.63354569,  99.76645534,  59.45972314,  28.83628279,    24.3236093 ,  12.14522788,  10.78873169], [ 169.24590958, -30.75639796, -34.04384672,  43.39676304,  12.90120508,    25.35397096,  58.51758648,  59.45972314,  97.41234141,  40.54557826,    36.61221636,  11.20563489,  13.78188244], [  59.83486558, -11.47081697,  26.73617617,  14.08160184,  23.63417713,    17.50920567,  14.39519504,  28.83628279,  40.54557826,  68.18874824,    38.36448806,  17.37932857,   6.59395629], [ 117.0934344 , -27.86392232,  -5.57624634,  28.50862685,  11.90601082,    24.51599693,  27.41536079,  24.3236093 ,  36.61221636,  38.36448806,    70.7104596 ,  34.31046621,  21.48215436], [  55.35969951,  -8.97875704,  -2.1695716 ,  14.37461061,  11.20499076,    16.63916615,  13.20638897,  12.14522788,  11.20563489,  17.37932857,    34.31046621,  54.53624409,  30.94918119], [  52.53271798, -41.08631851, -13.72082471,  13.27125798,  -1.33822754,    12.01294614,  15.41634078,  10.78873169,  13.78188244,   6.59395629,    21.48215436,  30.94918119,  58.29178164]]
music/Other Metal/System Of A Down-Toxicity.mp3; [-524.0812    , 111.52506   , -11.794339  ,  33.491997  ,  12.4161625 ,   11.114598  ,   9.054973  ,   6.199843  ,   2.1679914 ,   2.0469782 ,   -1.5241556 ,   0.10165769,  -1.4526598 ]; [[ 8440.40813386,-2353.13559433,  688.23124965, -194.48288225,    135.46835147,  286.37489787,  307.45106267,  295.84981182,    193.22448111,  332.91094602, -105.61520873,  206.0495248 ,    298.44175272], [-2353.13559433, 1828.36759564, -568.59671115,   30.65647905,      7.00768236,  -99.38712275,  -81.02038648, -134.62692004,    -62.52919523,  -44.64235081,   67.55640486,  -27.36592362,    -25.20875293], [  688.23124965, -568.59671115,  671.64809561,   32.13763483,    111.36276046,   61.03125495,   54.37703504,   56.28885828,     27.01530306,   59.79029217,   35.7542988 ,   84.49995095,     53.08407269], [ -194.48288225,   30.65647905,   32.13763483,  306.8894772 ,     73.84694794,   34.21976157,   24.29699666,  -11.99912769,     33.00412156,   19.44921214,  -26.1629629 ,    2.20264677,     11.9804639 ], [  135.46835147,    7.00768236,  111.36276046,   73.84694794,    209.76000952,   60.53577612,   31.42267488,   10.01927267,     39.46768881,   64.00380096,    2.27469218,   33.17594247,     48.32117088], [  286.37489787,  -99.38712275,   61.03125495,   34.21976157,     60.53577612,  178.60012402,  105.78957315,   68.04550688,     44.7292568 ,   -0.73347119,    4.62666286,   20.64373008,    -11.35240069], [  307.45106267,  -81.02038648,   54.37703504,   24.29699666,     31.42267488,  105.78957315,  182.2300985 ,  102.58089064,     47.57344381,   -0.21649099,    3.00088452,   29.49913025,      0.96494894], [  295.84981182, -134.62692004,   56.28885828,  -11.99912769,     10.01927267,   68.04550688,  102.58089064,  148.94341071,     44.04792367,   -6.07445835,    7.94772501,   16.33890495,      0.07833214], [  193.22448111,  -62.52919523,   27.01530306,   33.00412156,     39.46768881,   44.7292568 ,   47.57344381,   44.04792367,     97.8729544 ,   35.20861265,    3.11978245,   15.11498745,     10.78424553], [  332.91094602,  -44.64235081,   59.79029217,   19.44921214,     64.00380096,   -0.73347119,   -0.21649099,   -6.07445835,     35.20861265,  133.05097675,   25.17366548,   29.57494504,     56.41989997], [ -105.61520873,   67.55640486,   35.7542988 ,  -26.1629629 ,      2.27469218,    4.62666286,    3.00088452,    7.94772501,      3.11978245,   25.17366548,  100.65867933,   35.20994813,      6.60492607], [  206.0495248 ,  -27.36592362,   84.49995095,    2.20264677,     33.17594247,   20.64373008,   29.49913025,   16.33890495,     15.11498745,   29.57494504,   35.20994813,   91.08255067,     43.38443324], [  298.44175272,  -25.20875293,   53.08407269,   11.9804639 ,     48.32117088,  -11.35240069,    0.96494894,    0.07833214,     10.78424553,   56.41989997,    6.60492607,   43.38443324,    107.82568101]]
music/Melodic Death Metal/Omnium Gatherum - New World Shadows.mp3; [-534.6448   , 107.775696 ,  -9.637557 ,  22.8485   ,   8.532349 ,   13.2835865,   6.7325096,   7.998479 ,   5.284366 ,   3.8422508,   -2.8380923,   1.060494 ,  -1.4314228]; [[18512.00882511,-1441.47893943, 2353.94734195, 3228.8893496 ,   1602.80618385, 1509.15612541, 1343.15321691, 1111.48929746,    734.96048024,  850.34161403,  624.1702106 ,  273.4872019 ,    -58.42845697], [-1441.47893943,  890.81326   , -679.88095388, -499.00393543,   -316.9843347 , -288.67594744, -240.76828567, -174.27037412,    -93.91128758, -126.54709914, -111.56750024,  -23.93362322,     12.17413806], [ 2353.94734195, -679.88095388,  939.71053006,  660.50278417,    417.81965753,  387.73230313,  331.06300965,  227.90979371,    126.71059276,  159.7450931 ,  137.28441954,   35.9679369 ,     -2.48462551], [ 3228.8893496 , -499.00393543,  660.50278417,  920.04678118,    456.27860409,  372.75931746,  328.43532577,  254.98780209,    157.42643126,  177.36951204,  114.93771262,   46.15348526,    -36.38069039], [ 1602.80618385, -316.9843347 ,  417.81965753,  456.27860409,    333.36990447,  238.50695736,  181.89139136,  133.10295592,     86.85738287,   99.80293174,   73.08942989,   26.72541274,     -5.47990737], [ 1509.15612541, -288.67594744,  387.73230313,  372.75931746,    238.50695736,  269.19677012,  190.38900058,  120.59313438,     62.47475381,   92.43772016,   78.65489678,   24.79285917,     -5.2742991 ], [ 1343.15321691, -240.76828567,  331.06300965,  328.43532577,    181.89139136,  190.38900058,  231.6275587 ,  151.23452005,     83.64038176,   88.60609524,   68.91456102,   27.53592291,     -5.78027276], [ 1111.48929746, -174.27037412,  227.90979371,  254.98780209,    133.10295592,  120.59313438,  151.23452005,  161.11775671,     97.70847658,   71.9693654 ,   45.04807636,   22.21223428,     -1.96787472], [  734.96048024,  -93.91128758,  126.71059276,  157.42643126,     86.85738287,   62.47475381,   83.64038176,   97.70847658,    107.36002241,   68.00201401,   32.29572582,   13.39365716,     -0.4907143 ], [  850.34161403, -126.54709914,  159.7450931 ,  177.36951204,     99.80293174,   92.43772016,   88.60609524,   71.9693654 ,     68.00201401,  100.40993144,   62.09400141,   21.10706678,     -3.84243486], [  624.1702106 , -111.56750024,  137.28441954,  114.93771262,     73.08942989,   78.65489678,   68.91456102,   45.04807636,     32.29572582,   62.09400141,   88.07495639,   38.44075272,     11.53217123], [  273.4872019 ,  -23.93362322,   35.9679369 ,   46.15348526,     26.72541274,   24.79285917,   27.53592291,   22.21223428,     13.39365716,   21.10706678,   38.44075272,   54.8551401 ,     26.40379201], [  -58.42845697,   12.17413806,   -2.48462551,  -36.38069039,     -5.47990737,   -5.2742991 ,   -5.78027276,   -1.96787472,     -0.4907143 ,   -3.84243486,   11.53217123,   26.40379201,     62.22561149]]
music/Melodic Death Metal/Gormathon - Remember.mp3; [-497.9295    ,  94.134186  ,  -3.024204  ,  35.57101   ,   8.164119  ,   11.697289  ,  -3.6668773 ,   5.532798  ,  -0.26206818,  -0.02483748,   -1.4603397 ,   2.891027  ,   3.6975143 ]; [[8023.81182451,  63.6661076 , 291.38896689,-225.9417933 ,  60.4655281 ,    54.18922061, -86.48680194, 222.15030949, -29.99738712,  51.70788891,   -36.51281818, 102.31260777,  75.50460288], [  63.6661076 , 505.73763615,-345.50503802,  42.20140144,-114.05759636,   -23.17474801, -20.50514022, -31.41711638, -27.56295081, -73.60585555,   -29.92470716, -27.85205378,  -6.48514913], [ 291.38896689,-345.50503802, 939.61830906,-110.61074634, 264.76671076,    92.74073008,  61.66465419, 114.28619343,  26.71835042,  97.39612595,     3.70177908,  48.91984743,  58.04246979], [-225.9417933 ,  42.20140144,-110.61074634, 392.40391831,  -1.06772927,    -2.04814025,  23.82680676, -83.40122195,  37.79747847,   9.71376077,    30.70684997,  25.60541717,  17.82241022], [  60.4655281 ,-114.05759636, 264.76671076,  -1.06772927, 287.05244387,    88.72710603,   8.69796034,  44.21163815,  49.74179211,  61.01561071,    20.17724551,  40.48022642,  61.77335816], [  54.18922061, -23.17474801,  92.74073008,  -2.04814025,  88.72710603,   123.71740645,  46.01103202,  43.64242915,  20.2392678 ,  18.16410146,    13.62615852,  11.9199406 ,  18.69866915], [ -86.48680194, -20.50514022,  61.66465419,  23.82680676,   8.69796034,    46.01103202, 119.92477845,  59.30685644,  20.8037766 ,  13.99617602,    18.74588643,  32.67482037,  16.68938788], [ 222.15030949, -31.41711638, 114.28619343, -83.40122195,  44.21163815,    43.64242915,  59.30685644, 155.91075752,  35.55866131,  23.46588245,     2.72969108,  25.54863977,  16.01901148], [ -29.99738712, -27.56295081,  26.71835042,  37.79747847,  49.74179211,    20.2392678 ,  20.8037766 ,  35.55866131,  89.11681716,  51.45084321,    26.15980339,  15.27344833,   5.92525162], [  51.70788891, -73.60585555,  97.39612595,   9.71376077,  61.01561071,    18.16410146,  13.99617602,  23.46588245,  51.45084321,  91.84101413,    51.36942416,  27.5222271 ,  14.64544829], [ -36.51281818, -29.92470716,   3.70177908,  30.70684997,  20.17724551,    13.62615852,  18.74588643,   2.72969108,  26.15980339,  51.36942416,   120.19047573,  56.75097764,   3.97305308], [ 102.31260777, -27.85205378,  48.91984743,  25.60541717,  40.48022642,    11.9199406 ,  32.67482037,  25.54863977,  15.27344833,  27.5222271 ,    56.75097764,  96.4659138 ,  50.80246339], [  75.50460288,  -6.48514913,  58.04246979,  17.82241022,  61.77335816,    18.69866915,  16.68938788,  16.01901148,   5.92525162,  14.64544829,     3.97305308,  50.80246339,  90.61842826]]
music/Melodic Death Metal/In Flames - The New Word.mp3; [-486.4701   ,  84.58896  ,  -7.6921735,  42.51481  ,  20.370173 ,   11.333383 ,   7.4312944,   8.128038 ,   8.165064 ,  -1.9047209,   -5.292514 ,   1.2956003,   1.0307213]; [[7562.15755594, 546.91909118, 140.80216282, 157.1276529 , 151.35835706,   -54.93223298, -26.99897837,  36.9065534 ,  43.175029  ,  31.90572837,   -24.20398484,  21.80514756, -13.45633522], [ 546.91909118, 425.67200299,-158.26866592, 119.52386119,  -1.9806813 ,    27.23871619,  33.71370342,   2.55185402,  45.28054807, -13.84844835,    20.38432618,   8.8231839 ,   4.45360586], [ 140.80216282,-158.26866592, 479.92567229,-135.38464489, 124.72368463,    23.29293832,  15.27360597,  27.39599159, -17.25895681,  17.22168104,   -26.36428003,  16.16213231,  22.98781857], [ 157.1276529 , 119.52386119,-135.38464489, 290.95888809,  19.01316479,    45.45351043,   1.32112136,  -6.59077627,  14.81674121, -13.20922703,    -1.91495868,  -2.84631579,  15.49783896], [ 151.35835706,  -1.9806813 , 124.72368463,  19.01316479, 140.65646093,    40.42669363,  45.79306792,  15.84091129,  13.36453336,   6.88021672,    -3.72947155,  12.56083388,  12.18425986], [ -54.93223298,  27.23871619,  23.29293832,  45.45351043,  40.42669363,    98.48610464,  40.91889517,  23.81060728,   4.05214785,   0.21206232,    -8.85012001,   2.2162869 ,   8.65225504], [ -26.99897837,  33.71370342,  15.27360597,   1.32112136,  45.79306792,    40.91889517,  94.73866244,  37.555346  ,  19.46199307,  -1.04545601,     3.88386579,   9.11938361,   3.34580591], [  36.9065534 ,   2.55185402,  27.39599159,  -6.59077627,  15.84091129,    23.81060728,  37.555346  ,  64.04717315,  25.990452  ,  12.54622198,    -1.91267616,   4.71011788,   2.09964718], [  43.175029  ,  45.28054807, -17.25895681,  14.81674121,  13.36453336,     4.05214785,  19.46199307,  25.990452  ,  56.6554296 ,  20.72876008,     7.47508602,   0.909929  ,  -0.17231544], [  31.90572837, -13.84844835,  17.22168104, -13.20922703,   6.88021672,     0.21206232,  -1.04545601,  12.54622198,  20.72876008,  52.2123166 ,    22.70473838,   5.25724463,  -4.00547066], [ -24.20398484,  20.38432618, -26.36428003,  -1.91495868,  -3.72947155,    -8.85012001,   3.88386579,  -1.91267616,   7.47508602,  22.70473838,    49.53657388,  18.24108071,  -2.04675703], [  21.80514756,   8.8231839 ,  16.16213231,  -2.84631579,  12.56083388,     2.2162869 ,   9.11938361,   4.71011788,   0.909929  ,   5.25724463,    18.24108071,  37.29568685,  16.66344525], [ -13.45633522,   4.45360586,  22.98781857,  15.49783896,  12.18425986,     8.65225504,   3.34580591,   2.09964718,  -0.17231544,  -4.00547066,    -2.04675703,  16.66344525,  38.35053519]]
music/Melodic Death Metal/Orbit Culture - Sun Of All.mp3; [-493.36667  , 112.33094  , -21.194153 ,  13.920167 ,   3.377621 ,    7.689759 ,   8.240571 ,   7.2743993,   6.225013 ,   5.3178444,    3.246749 ,   4.5855947,   4.198886 ]; [[14118.28260457,-1295.29760849,  747.37641055,  586.74305163,    -70.40668923,  525.40015483,  319.22870002,  248.43617483,    120.75093648,  326.73272064,  321.84456582,  216.08788742,     27.08348263], [-1295.29760849, 1302.2581045 , -539.13257628, -188.35519138,     -3.38601814, -227.32782085,  -65.84258196,  -73.64037603,    -12.72782366, -115.6233352 ,  -65.95910726,  -20.42980477,     21.67058363], [  747.37641055, -539.13257628,  438.8352485 ,  151.79789283,     74.62812219,  144.84428748,   22.81472968,   56.27820406,    -17.99250761,   67.88279339,   40.47223175,    3.38622445,      3.56603395], [  586.74305163, -188.35519138,  151.79789283,  206.72656608,     60.99472532,  108.77792265,   33.99554729,   19.44219206,     16.67233702,   53.10552838,   46.39683493,   -5.13712449,      0.69368084], [  -70.40668923,   -3.38601814,   74.62812219,   60.99472532,    128.35736328,   63.32432267,    2.39045429,   12.69597435,    -25.1080845 ,   18.6750036 ,   26.61787342,   -7.85297885,     -0.18109633], [  525.40015483, -227.32782085,  144.84428748,  108.77792265,     63.32432267,  143.06662468,   52.10940745,   39.73230613,      7.60057621,   50.12226426,   48.46418295,    6.12772485,      2.66830845], [  319.22870002,  -65.84258196,   22.81472968,   33.99554729,      2.39045429,   52.10940745,   77.89018611,   37.86399363,     36.01452539,   28.43231314,   25.00931207,   14.04721698,      7.59093448], [  248.43617483,  -73.64037603,   56.27820406,   19.44219206,     12.69597435,   39.73230613,   37.86399363,   95.31566047,     33.4103432 ,   37.74111931,   16.7734261 ,    4.83088645,      6.83413999], [  120.75093648,  -12.72782366,  -17.99250761,   16.67233702,    -25.1080845 ,    7.60057621,   36.01452539,   33.4103432 ,     77.78937967,   36.7592371 ,   14.46030855,    8.23918313,      8.23221434], [  326.73272064, -115.6233352 ,   67.88279339,   53.10552838,     18.6750036 ,   50.12226426,   28.43231314,   37.74111931,     36.7592371 ,   90.65987229,   48.2691696 ,   11.47869522,      3.91243714], [  321.84456582,  -65.95910726,   40.47223175,   46.39683493,     26.61787342,   48.46418295,   25.00931207,   16.7734261 ,     14.46030855,   48.2691696 ,   74.95727628,   30.31710406,     13.02323374], [  216.08788742,  -20.42980477,    3.38622445,   -5.13712449,     -7.85297885,    6.12772485,   14.04721698,    4.83088645,      8.23918313,   11.47869522,   30.31710406,   59.72597251,     32.23127596], [   27.08348263,   21.67058363,    3.56603395,    0.69368084,     -0.18109633,    2.66830845,    7.59093448,    6.83413999,      8.23221434,    3.91243714,   13.02323374,   32.23127596,     56.60116949]]
music/Melodic Death Metal/Amon Amarth - The Last Stand Of Frej.mp3; [-519.2785   ,  97.90953  ,  -7.7720046,  35.02323  ,   2.9533043,   13.448893 ,   3.8146896,   7.309658 ,   7.3177395,   1.7419529,    1.3149478,   1.2574085,  -0.8950152]; [[9462.24424882, 679.75621851, -38.81314364,  11.28670772,-191.69226441,  -155.95317086,-151.70504349,  44.17774223,  81.52812475,  72.69201666,   -44.32890573,  -9.83469211,  61.40287045], [ 679.75621851, 512.60729638,-189.17962666, 163.40682252, -68.67140447,    20.12074786,  -3.47075627,   2.87424879,  48.96594214,   5.13254144,    22.22131416, -10.1751729 ,  10.08531757], [ -38.81314364,-189.17962666, 291.03733574, -90.47826996,  63.90804251,   -10.93929058, -11.08087328,   6.7057927 , -41.44373391,  -6.02502122,   -29.12215751,   1.58101105, -19.24867789], [  11.28670772, 163.40682252, -90.47826996, 206.75095449,  10.84971609,    33.72106464,  -6.24671659,  -4.35103943,  23.75816499,   7.45907256,    21.78372795,  -6.17336174,   8.76867782], [-191.69226441, -68.67140447,  63.90804251,  10.84971609,  97.48701943,    44.1627237 ,  22.83160287,  -7.41640125, -16.70017971,  -0.51899805,     2.32487306,   5.08256848,  -7.0375033 ], [-155.95317086,  20.12074786, -10.93929058,  33.72106464,  44.1627237 ,    82.15230261,  43.72738205,   3.36583295, -11.95622888,  -7.61985883,     6.14913664,   3.92610538,  -5.11587216], [-151.70504349,  -3.47075627, -11.08087328,  -6.24671659,  22.83160287,    43.72738205,  82.93291472,  30.07884857,   3.9086847 ,  -4.6617221 ,     5.34406125,   7.23907334,  -3.07842597], [  44.17774223,   2.87424879,   6.7057927 ,  -4.35103943,  -7.41640125,     3.36583295,  30.07884857,  59.20951938,  25.71798577,   9.00453448,    -3.05940875,   3.01021661,   1.76868433], [  81.52812475,  48.96594214, -41.44373391,  23.75816499, -16.70017971,   -11.95622888,   3.9086847 ,  25.71798577,  64.69540435,  25.90531007,    14.6734664 ,   2.00543244,   6.34511576], [  72.69201666,   5.13254144,  -6.02502122,   7.45907256,  -0.51899805,    -7.61985883,  -4.6617221 ,   9.00453448,  25.90531007,  50.16604478,    23.06311183,   7.48908357,   3.37319917], [ -44.32890573,  22.22131416, -29.12215751,  21.78372795,   2.32487306,     6.14913664,   5.34406125,  -3.05940875,  14.6734664 ,  23.06311183,    46.70008795,  19.14968284,   7.05006113], [  -9.83469211, -10.1751729 ,   1.58101105,  -6.17336174,   5.08256848,     3.92610538,   7.23907334,   3.01021661,   2.00543244,   7.48908357,    19.14968284,  41.63479397,  20.9739183 ], [  61.40287045,  10.08531757, -19.24867789,   8.76867782,  -7.0375033 ,    -5.11587216,  -3.07842597,   1.76868433,   6.34511576,   3.37319917,     7.05006113,  20.9739183 ,  46.45362245]]
