music/guitar.mp3; [-773.1118   , 178.31717  , -11.527624 ,  27.725687 ,   2.698974 ,    6.9217014,   0.8614352,   2.1345274,  -5.713182 ,  -6.0215306,   -2.9521859,  -8.216756 ,  -3.3399596]; [[26714.74930175, 7665.55020847,-3608.97266831,  607.73049157,  -1512.20705147, -233.40497431, -608.41842584,   -9.86109078,   -479.01921423, -130.25149023,  165.50678199, -442.31556914,   -437.37576623], [ 7665.55020847, 4351.49238048,-1021.57707176,  213.07398994,   -226.75032075, -196.02757197, -207.23106805, -141.85853907,   -134.83041781, -145.6351877 ,  -29.79630812, -165.22964027,   -102.15805267], [-3608.97266831,-1021.57707176,  995.21038875,  -79.92461458,    251.40237198,   85.93019183,  153.56851352,   34.66773134,      0.37429938,  -17.74518558,   36.76415193,   48.93836633,     35.88558395], [  607.73049157,  213.07398994,  -79.92461458,  181.47734656,     19.15485713,   43.8102135 ,   -5.51677615,   10.05256203,     16.46649047,    4.97898919,  -31.33702308,   -9.45680874,      5.7598502 ], [-1512.20705147, -226.75032075,  251.40237198,   19.15485713,    204.55090133,   39.79342252,   54.30768578,   -2.2619749 ,     38.94453404,   -5.12255089,  -54.00020957,   18.32073844,     36.29992615], [ -233.40497431, -196.02757197,   85.93019183,   43.8102135 ,     39.79342252,   91.00561099,   50.96872026,   41.9503862 ,     20.68156323,   13.97856385,   -2.05091738,    6.74107659,      3.54241819], [ -608.41842584, -207.23106805,  153.56851352,   -5.51677615,     54.30768578,   50.96872026,   93.57264843,   44.3466554 ,     24.89771502,   12.17080056,    9.46822292,    8.41637999,      7.67086655], [   -9.86109078, -141.85853907,   34.66773134,   10.05256203,     -2.2619749 ,   41.9503862 ,   44.3466554 ,   72.60058897,     31.87393419,   18.82229309,   13.83930714,    6.40715304,     -5.03982414], [ -479.01921423, -134.83041781,    0.37429938,   16.46649047,     38.94453404,   20.68156323,   24.89771502,   31.87393419,     86.58827998,   45.41910663,   -6.64565195,   23.54528494,     16.33813957], [ -130.25149023, -145.6351877 ,  -17.74518558,    4.97898919,     -5.12255089,   13.97856385,   12.17080056,   18.82229309,     45.41910663,   74.79314991,   37.73837475,   15.1078186 ,      7.61213266], [  165.50678199,  -29.79630812,   36.76415193,  -31.33702308,    -54.00020957,   -2.05091738,    9.46822292,   13.83930714,     -6.64565195,   37.73837475,  111.39928407,   25.52984265,    -14.60392434], [ -442.31556914, -165.22964027,   48.93836633,   -9.45680874,     18.32073844,    6.74107659,    8.41637999,    6.40715304,     23.54528494,   15.1078186 ,   25.52984265,   65.40545574,     29.7547178 ], [ -437.37576623, -102.15805267,   35.88558395,    5.7598502 ,     36.29992615,    3.54241819,    7.67086655,   -5.03982414,     16.33813957,    7.61213266,  -14.60392434,   29.7547178 ,     56.69540908]]
music/guitar2.mp3; [-968.15533   , 120.27452   , -18.8114    , -10.958926  ,   6.024484  ,  -12.460323  , -10.117835  ,   6.164224  ,   6.354328  ,   2.8352664 ,    0.17748676, -11.727191  , -11.330868  ]; [[13519.05564253, 7497.74260355,-3350.34927356, -379.93772202,    701.29993359, -856.44529857, -468.32393828,  504.89895364,     21.45196267, -336.56664696,  -40.36148719, -868.11766068,   -783.40766201], [ 7497.74260355, 5705.74257686,  -62.06256832, -183.77736253,    254.32284624, -274.82276141, -389.74236757, -291.20784211,   -462.04918091, -274.23546053,  137.17556246, -174.03971019,   -416.75387057], [-3350.34927356,  -62.06256832, 3316.7163166 ,  419.09601716,   -402.29348053,  557.81544573,    1.96212539, -916.34335715,   -687.4854978 , -106.30619842,  279.58714081,  703.6835303 ,    284.40027291], [ -379.93772202, -183.77736253,  419.09601716,  386.73188266,     65.15145036,   96.77690182,    6.91771822, -148.4633664 ,   -198.47194288, -106.1475081 ,  159.87592649,  213.26295718,     60.77679003], [  701.29993359,  254.32284624, -402.29348053,   65.15145036,    263.0453214 ,  -52.62107632,  -63.84168181,   73.84471532,    -26.83273463,  -44.94576515,   76.60400646,    5.83774018,    -59.91942121], [ -856.44529857, -274.82276141,  557.81544573,   96.77690182,    -52.62107632,  198.96677114,   63.44906724, -117.05442567,    -68.48820791,  -12.79344286,   37.92245285,  123.69234461,     93.69822589], [ -468.32393828, -389.74236757,    1.96212539,    6.91771822,    -63.84168181,   63.44906724,  113.74997255,   77.19930509,     87.01214396,   38.77186279,  -53.29742732,  -41.40561842,     40.75591967], [  504.89895364, -291.20784211, -916.34335715, -148.4633664 ,     73.84471532, -117.05442567,   77.19930509,  364.08415154,    303.1604989 ,   66.38266524, -136.29007794, -248.64101226,    -58.30362955], [   21.45196267, -462.04918091, -687.4854978 , -198.47194288,    -26.83273463,  -68.48820791,   87.01214396,  303.1604989 ,    342.47426601,  118.92226891, -181.57474219, -242.20894092,    -18.56680091], [ -336.56664696, -274.23546053, -106.30619842, -106.1475081 ,    -44.94576515,  -12.79344286,   38.77186279,   66.38266524,    118.92226891,  100.92757182,  -53.62048332,  -74.0024836 ,     -3.44405073], [  -40.36148719,  137.17556246,  279.58714081,  159.87592649,     76.60400646,   37.92245285,  -53.29742732, -136.29007794,   -181.57474219,  -53.62048332,  185.53665969,  185.72229077,      0.55599139], [ -868.11766068, -174.03971019,  703.6835303 ,  213.26295718,      5.83774018,  123.69234461,  -41.40561842, -248.64101226,   -242.20894092,  -74.0024836 ,  185.72229077,  318.71876804,    119.71488759], [ -783.40766201, -416.75387057,  284.40027291,   60.77679003,    -59.91942121,   93.69822589,   40.75591967,  -58.30362955,    -18.56680091,   -3.44405073,    0.55599139,  119.71488759,    177.95348945]]
music/HURRICANE2.mp3; [-522.29724   ,  91.88436   , -13.517798  ,  36.829575  ,   9.299684  ,    5.5896773 ,   6.561691  ,   5.4695373 ,   4.8477554 ,   2.7579105 ,   -4.12562   ,  -2.8432698 ,   0.03521316]; [[4461.98907004,  -7.51298768,  78.39186176, 291.57862678, 187.16815266,   168.82121833, 183.28941337, 169.52884279, 123.66087195,  89.24788115,    71.22596916,  82.12748771,  -4.00244025], [  -7.51298768, 522.92463167,-137.25376136, 164.53307004, -17.57020435,    60.36353437,  67.4245163 ,  11.36503557,  36.06257861,  -0.77575461,    25.83552516,  -7.16127668,  15.8295776 ], [  78.39186176,-137.25376136, 473.97148689, -62.9869489 ,  98.78166961,    30.29334431, -28.62458328,  31.3918958 , -15.5596571 ,  24.67187487,   -10.8628603 ,  23.32407824, -13.15869884], [ 291.57862678, 164.53307004, -62.9869489 , 285.56732807,  35.48389265,    93.06348178,  76.37170882,  47.90954607,  74.5156323 ,   6.57889713,    48.10104371,  31.2487268 ,  26.41487026], [ 187.16815266, -17.57020435,  98.78166961,  35.48389265, 170.36169654,    20.38328817,  -0.30154329,  31.1571027 ,  23.29630482,  44.19911053,    -3.46886647,  18.11477139,  -1.02078303], [ 168.82121833,  60.36353437,  30.29334431,  93.06348178,  20.38328817,   159.54317174,  87.74808087,  41.93335636,  29.66464153,  13.53371085,    49.97939074,  19.86376479,   0.93038664], [ 183.28941337,  67.4245163 , -28.62458328,  76.37170882,  -0.30154329,    87.74808087, 151.87212914,  65.56658926,  21.30789274,  20.49193737,    52.3641944 ,  18.8437111 ,   4.90014653], [ 169.52884279,  11.36503557,  31.3918958 ,  47.90954607,  31.1571027 ,    41.93335636,  65.56658926, 105.07476766,  46.84935596,  31.85725715,    24.96419523,  24.32073092,   3.84527527], [ 123.66087195,  36.06257861, -15.5596571 ,  74.5156323 ,  23.29630482,    29.66464153,  21.30789274,  46.84935596, 113.97980156,  36.37732319,    22.30841653,  25.20315396,  13.57331643], [  89.24788115,  -0.77575461,  24.67187487,   6.57889713,  44.19911053,    13.53371085,  20.49193737,  31.85725715,  36.37732319,  97.99922649,    29.81175017,  19.11065171,   1.32059327], [  71.22596916,  25.83552516, -10.8628603 ,  48.10104371,  -3.46886647,    49.97939074,  52.3641944 ,  24.96419523,  22.30841653,  29.81175017,    89.44835346,  28.18993734,   5.70498236], [  82.12748771,  -7.16127668,  23.32407824,  31.2487268 ,  18.11477139,    19.86376479,  18.8437111 ,  24.32073092,  25.20315396,  19.11065171,    28.18993734,  75.30075124,  26.66008837], [  -4.00244025,  15.8295776 , -13.15869884,  26.41487026,  -1.02078303,     0.93038664,   4.90014653,   3.84527527,  13.57331643,   1.32059327,     5.70498236,  26.66008837,  61.71049752]]
music/guitar3.mp3; [-917.55426   , 172.75523   ,   0.98485833,  -7.635039  ,   6.804538  ,  -11.594887  , -13.527314  ,  -0.0579607 ,  -0.9828744 ,  -4.8043766 ,    1.560248  ,  -1.8542677 ,  -7.716616  ]; [[ 8984.4863292 , 3970.1956523 ,-3715.71263769, -797.76348691,    -13.63686713,-1073.7199224 , -698.36261883,  -63.83113085,   -348.57991262, -558.05088152,  112.12321943,   29.99390434,    -29.47007119], [ 3970.1956523 , 3518.49537271,  659.08782422,   57.90609456,     50.57165711, -239.69955443, -415.44899287, -450.9715659 ,   -325.66377565, -160.28409847, -102.97975474, -136.10101723,   -124.5468412 ], [-3715.71263769,  659.08782422, 4932.74984376, 1236.57308828,     13.3984506 ,  842.59252873,  246.11547309, -567.56604328,    -78.49364941,  347.69573257, -257.06853279, -236.24345354,   -114.30230502], [ -797.76348691,   57.90609456, 1236.57308828,  634.82997141,     84.25278023,  221.29368218,  123.47396449, -109.0487837 ,    -15.34380451,   73.81435328,  -25.22235819,  -31.39676503,      1.89663284], [  -13.63686713,   50.57165711,   13.3984506 ,   84.25278023,    228.95494129,   62.60082852,   -7.65630857,   36.31777553,      7.54457816,    8.89980784,   28.08113894,   19.95173506,     -0.19625163], [-1073.7199224 , -239.69955443,  842.59252873,  221.29368218,     62.60082852,  351.30321607,  177.44038961,  -50.33187175,     49.484568  ,  105.12170162,  -52.44446197,  -61.19692132,     -3.85285401], [ -698.36261883, -415.44899287,  246.11547309,  123.47396449,     -7.65630857,  177.44038961,  215.66477761,  106.67415397,     88.10840922,   65.65509226,  -22.88352521,  -33.85941808,      3.23215954], [  -63.83113085, -450.9715659 , -567.56604328, -109.0487837 ,     36.31777553,  -50.33187175,  106.67415397,  342.76810164,    204.66270307,  -13.05252204,   -1.28193258,   -7.57007148,     -0.01552453], [ -348.57991262, -325.66377565,  -78.49364941,  -15.34380451,      7.54457816,   49.484568  ,   88.10840922,  204.66270307,    226.82181692,   70.93665093,  -47.4631978 ,  -41.61916236,     -0.52546138], [ -558.05088152, -160.28409847,  347.69573257,   73.81435328,      8.89980784,  105.12170162,   65.65509226,  -13.05252204,     70.93665093,  136.74120909,    6.37074278,  -28.24778127,     -3.60617724], [  112.12321943, -102.97975474, -257.06853279,  -25.22235819,     28.08113894,  -52.44446197,  -22.88352521,   -1.28193258,    -47.4631978 ,    6.37074278,  122.62461247,  100.53332622,     37.86111955], [   29.99390434, -136.10101723, -236.24345354,  -31.39676503,     19.95173506,  -61.19692132,  -33.85941808,   -7.57007148,    -41.61916236,  -28.24778127,  100.53332622,  179.21000536,    112.57305222], [  -29.47007119, -124.5468412 , -114.30230502,    1.89663284,     -0.19625163,   -3.85285401,    3.23215954,   -0.01552453,     -0.52546138,   -3.60617724,   37.86111955,  112.57305222,    154.24771274]]
