music/Old Pop/The Buggles - The Plastic Age.mp3; [-705.1924    , 122.13161   , -10.350717  ,  18.593752  ,   4.5078545 ,   14.545904  ,   1.8412817 ,   5.208541  ,  -0.71966535,   1.5576226 ,   -4.1322846 ,  -1.1717792 ,  -2.6539667 ]; [[30278.85858895, 2819.68685637,-1467.73644377,  733.51531133,   -661.30275304,   36.46299295, -434.01469769, -153.03889094,   -436.45135718,   -6.58147728,  -22.87432369,  233.85139727,    113.87207866], [ 2819.68685637, 2325.34575113, -659.44643065,  -21.77908421,   -133.09566276,  -17.54784511,  -68.07963788,  -90.30526794,    -61.83844013,  -65.35981156,    9.11785756,  -57.14598494,    -27.69011855], [-1467.73644377, -659.44643065,  809.41951586,  141.40929183,    159.97149677,   85.43366347,   85.84674725,   52.97702858,     49.99542239,   44.41378513,   47.23759589,   36.51227929,     13.75187463], [  733.51531133,  -21.77908421,  141.40929183,  392.50594236,    115.5828277 ,   67.9396896 ,    6.20342674,   27.17882969,     27.87063362,   27.17246566,   16.38909518,   39.94635375,     25.46876118], [ -661.30275304, -133.09566276,  159.97149677,  115.5828277 ,    224.76273063,   60.05284196,   16.70942946,   36.59479588,     57.71427653,   26.43982752,    4.16839283,   14.59037917,      4.81111188], [   36.46299295,  -17.54784511,   85.43366347,   67.9396896 ,     60.05284196,  156.5262783 ,   66.39263364,   36.34175353,     37.04353385,   12.59872381,   22.66738148,    2.25841625,      8.55695933], [ -434.01469769,  -68.07963788,   85.84674725,    6.20342674,     16.70942946,   66.39263364,  177.85622243,   57.39557109,     33.01684643,   10.96145935,   24.80751315,    3.43860332,     15.01500797], [ -153.03889094,  -90.30526794,   52.97702858,   27.17882969,     36.59479588,   36.34175353,   57.39557109,  111.58798266,     50.16325902,   20.18462118,    5.52857773,    5.21625951,      2.17594505], [ -436.45135718,  -61.83844013,   49.99542239,   27.87063362,     57.71427653,   37.04353385,   33.01684643,   50.16325902,    125.38659326,   34.76935194,   14.95361537,   -4.15408496,     -0.21869477], [   -6.58147728,  -65.35981156,   44.41378513,   27.17246566,     26.43982752,   12.59872381,   10.96145935,   20.18462118,     34.76935194,   92.04349343,   34.84330592,   21.54432489,     -3.99209396], [  -22.87432369,    9.11785756,   47.23759589,   16.38909518,      4.16839283,   22.66738148,   24.80751315,    5.52857773,     14.95361537,   34.84330592,  102.39146231,   38.76696493,     -3.48854833], [  233.85139727,  -57.14598494,   36.51227929,   39.94635375,     14.59037917,    2.25841625,    3.43860332,    5.21625951,     -4.15408496,   21.54432489,   38.76696493,  102.73807121,     21.21856742], [  113.87207866,  -27.69011855,   13.75187463,   25.46876118,      4.81111188,    8.55695933,   15.01500797,    2.17594505,     -0.21869477,   -3.99209396,   -3.48854833,   21.21856742,     90.18911685]]
music/Old Pop/Electric Light Orchestra - Mr Blue Sky.mp3; [-618.4348    , 134.12827   , -21.743204  ,  22.617085  ,  -1.8510257 ,   -5.0269604 ,  -6.4201064 ,   2.23012   ,  -5.2255926 ,   0.89311624,   -3.2984169 ,  -2.3550344 ,  -1.5198237 ]; [[10913.76853088,  617.30955359,  339.19621985,   90.7449929 ,   -214.7169033 , -190.69593137,  -21.59460707,  164.97378796,     -1.82154576,   65.87038939,   84.63988926,   45.77232308,    -90.93902715], [  617.30955359, 1486.56610937, -205.94131785,   80.78534221,    -97.63946825,  -55.55886828,  -21.69963114,  -13.31918962,    -46.23467871,  -29.76425482,  -63.03841898,  -19.87772601,     11.22067308], [  339.19621985, -205.94131785, 1017.43823723,   61.68462176,     91.42156197,  129.09171237,   54.51069461,   28.89970471,     56.39731185,  -18.16834843,   -0.02119115,   26.51495321,     19.34753811], [   90.7449929 ,   80.78534221,   61.68462176,  417.27903396,    132.54090609,   85.72253374,   59.18382187,   13.05164468,     60.66442503,   -1.00996935,  -27.50836294,   34.35732195,     48.31693557], [ -214.7169033 ,  -97.63946825,   91.42156197,  132.54090609,    252.59129062,  100.53296038,   63.54838045,   21.30368813,     59.7273028 ,   21.09895085,   20.45526195,   20.90856372,     27.6820824 ], [ -190.69593137,  -55.55886828,  129.09171237,   85.72253374,    100.53296038,  180.60087613,   98.64171396,   17.40666407,     49.10933221,   13.52909075,    0.57390042,   20.01482981,     20.83317968], [  -21.59460707,  -21.69963114,   54.51069461,   59.18382187,     63.54838045,   98.64171396,  170.93854463,   79.9117329 ,     51.58449841,   13.21741786,   14.09247218,   17.25027628,     13.23302065], [  164.97378796,  -13.31918962,   28.89970471,   13.05164468,     21.30368813,   17.40666407,   79.9117329 ,  126.99381886,     52.56138815,   14.93018651,   15.95149362,    3.98683231,     -5.1122805 ], [   -1.82154576,  -46.23467871,   56.39731185,   60.66442503,     59.7273028 ,   49.10933221,   51.58449841,   52.56138815,    128.5837197 ,   54.00904201,   11.15432845,   10.116238  ,     13.2226863 ], [   65.87038939,  -29.76425482,  -18.16834843,   -1.00996935,     21.09895085,   13.52909075,   13.21741786,   14.93018651,     54.00904201,   86.44718599,   39.90517437,    4.91604803,     -5.37927487], [   84.63988926,  -63.03841898,   -0.02119115,  -27.50836294,     20.45526195,    0.57390042,   14.09247218,   15.95149362,     11.15432845,   39.90517437,   84.56384311,   32.0331833 ,      0.23294716], [   45.77232308,  -19.87772601,   26.51495321,   34.35732195,     20.90856372,   20.01482981,   17.25027628,    3.98683231,     10.116238  ,    4.91604803,   32.0331833 ,   77.30074393,     43.40491794], [  -90.93902715,   11.22067308,   19.34753811,   48.31693557,     27.6820824 ,   20.83317968,   13.23302065,   -5.1122805 ,     13.2226863 ,   -5.37927487,    0.23294716,   43.40491794,     83.68357054]]
music/Old Pop/Earth Wind And Fire - September.mp3; [-625.60785   , 112.41955   , -15.811548  ,  11.172004  ,   0.8460771 ,    9.827538  ,   1.5659384 ,   9.674098  ,  -3.9123392 ,  -0.03098797,    2.1370678 ,  -2.450271  ,  -0.9398387 ]; [[8767.68373564,-516.75400954, 259.67473782, 221.16963739, 153.52727317,   202.37024523, 201.54359142, 135.43991022, 186.73890394, 141.49346677,    21.49803722,  62.24161852, -81.40973206], [-516.75400954, 938.6301265 ,-162.06543292,  79.0504504 ,  15.9258122 ,    26.420699  ,  -9.06696146,  26.17379325, -55.31366666, -22.13382178,    24.13282338, -37.29292064,   3.20984962], [ 259.67473782,-162.06543292, 453.4073516 ,  94.30398128, 107.80767423,    59.20490246,  51.63183966,   6.38419594,  47.93316387,  41.14916546,   -23.70015774,  32.94789672, -31.07036427], [ 221.16963739,  79.0504504 ,  94.30398128, 251.93505354,  92.18576952,    46.76549379,   7.92283803,  32.31705135,  29.39299253,  46.05157984,    -3.74769555,   4.85058041,  -3.89449697], [ 153.52727317,  15.9258122 , 107.80767423,  92.18576952, 165.23299869,    38.71936591,   9.82549336,  10.16214155,  28.23657121,  40.02633723,     5.23891138,  16.73847911,  -5.55676667], [ 202.37024523,  26.420699  ,  59.20490246,  46.76549379,  38.71936591,   136.85334231,  72.7521028 ,  39.92231658,  30.9224204 ,   3.58313257,    14.76536325,   1.51558856,   3.0763821 ], [ 201.54359142,  -9.06696146,  51.63183966,   7.92283803,   9.82549336,    72.7521028 , 143.85240047,  48.641402  ,  26.06407224,  -4.43267205,    13.30907145,  18.64867109,   8.30300549], [ 135.43991022,  26.17379325,   6.38419594,  32.31705135,  10.16214155,    39.92231658,  48.641402  , 102.08448598,  46.78955238,  12.26473041,    10.79820851,  -0.68924061,   9.22549877], [ 186.73890394, -55.31366666,  47.93316387,  29.39299253,  28.23657121,    30.9224204 ,  26.06407224,  46.78955238, 102.21191212,  40.58974612,     6.06784968,  -0.07922128,  -7.76372999], [ 141.49346677, -22.13382178,  41.14916546,  46.05157984,  40.02633723,     3.58313257,  -4.43267205,  12.26473041,  40.58974612,  94.79865311,    22.01679351,   2.49816724, -15.30006402], [  21.49803722,  24.13282338, -23.70015774,  -3.74769555,   5.23891138,    14.76536325,  13.30907145,  10.79820851,   6.06784968,  22.01679351,    70.13788352,  19.15641147,   7.62512058], [  62.24161852, -37.29292064,  32.94789672,   4.85058041,  16.73847911,     1.51558856,  18.64867109,  -0.68924061,  -0.07922128,   2.49816724,    19.15641147,  73.12153692,  19.96521995], [ -81.40973206,   3.20984962, -31.07036427,  -3.89449697,  -5.55676667,     3.0763821 ,   8.30300549,   9.22549877,  -7.76372999, -15.30006402,     7.62512058,  19.96521995,  66.71617906]]
music/Old Pop/David Bowie - Life On Mars.mp3; [-611.22864  , 142.64618  , -28.639997 ,  30.333755 ,  -9.228662 ,    9.279992 ,  -3.2233593,   3.9800591,  -4.9709473,   1.4403617,   -4.895496 ,  -1.5215211,  -5.362692 ]; [[13472.28355063,-1235.80415381,-1244.65538526,  186.13873664,   -450.09262401,  196.52831452, -139.8658562 ,  108.67771431,   -254.52219351,   98.25100567, -149.90145023,  -76.79696834,   -209.69711811], [-1235.80415381, 1773.82965376, -284.32779705,  171.18489459,     47.0661225 ,  -29.57539185,   37.85118134,   -2.3402624 ,     35.78417672,  -19.52407599,   56.95684635,   36.01976481,     86.60501294], [-1244.65538526, -284.32779705,  860.38135477,  -38.04377909,    126.83110272,   65.13803271,   23.07623839,   22.18914445,     49.51946413,   -2.67675138,   11.24597421,   36.6835601 ,     23.19592461], [  186.13873664,  171.18489459,  -38.04377909,  277.08185066,     73.37997543,   23.42538759,   25.68336912,    6.72389318,     54.57125338,   21.95129425,   -9.62606776,   15.11987472,     32.77940643], [ -450.09262401,   47.0661225 ,  126.83110272,   73.37997543,    262.50950194,   -6.41758622,   -8.22407759,    0.68613048,     68.29825751,   13.16903291,   -6.93337503,   10.5935478 ,     21.00193675], [  196.52831452,  -29.57539185,   65.13803271,   23.42538759,     -6.41758622,  192.44494771,   81.01845824,   12.37793898,     -5.92563382,    9.94225818,   20.00469278,   23.11132691,     11.85265826], [ -139.8658562 ,   37.85118134,   23.07623839,   25.68336912,     -8.22407759,   81.01845824,  217.78582764,   35.25761668,      7.93898416,   22.32887556,   10.25096011,   18.05267852,     26.64484066], [  108.67771431,   -2.3402624 ,   22.18914445,    6.72389318,      0.68613048,   12.37793898,   35.25761668,  119.82785898,     18.78155553,    0.52176559,    2.89462861,    1.18130865,     12.82110116], [ -254.52219351,   35.78417672,   49.51946413,   54.57125338,     68.29825751,   -5.92563382,    7.93898416,   18.78155553,    128.18135224,   37.46175235,   -5.8061829 ,    5.1551541 ,     17.27625945], [   98.25100567,  -19.52407599,   -2.67675138,   21.95129425,     13.16903291,    9.94225818,   22.32887556,    0.52176559,     37.46175235,  118.06847315,   29.86330643,    0.09993327,      1.04230744], [ -149.90145023,   56.95684635,   11.24597421,   -9.62606776,     -6.93337503,   20.00469278,   10.25096011,    2.89462861,     -5.8061829 ,   29.86330643,   91.72954449,   27.02550728,      1.49274126], [  -76.79696834,   36.01976481,   36.6835601 ,   15.11987472,     10.5935478 ,   23.11132691,   18.05267852,    1.18130865,      5.1551541 ,    0.09993327,   27.02550728,   92.60933495,     30.17606085], [ -209.69711811,   86.60501294,   23.19592461,   32.77940643,     21.00193675,   11.85265826,   26.64484066,   12.82110116,     17.27625945,    1.04230744,    1.49274126,   30.17606085,     91.09230573]]
music/Old Pop/Michael Jackson - They Don't Care About Us.mp3; [-619.57745   ,  99.12145   , -21.663322  ,  16.52964   ,   2.6359024 ,    1.3172961 ,   2.1068802 ,   7.935382  ,  -0.20104541,   6.202071  ,   -0.41670203,   1.601745  ,  -0.6830312 ]; [[18812.32401797,   59.83008665, -638.29229478, -224.60801472,   -510.55023853,  -94.38673933, -466.25802046, -251.51657118,   -485.94906086, -226.00582553, -225.87080371, -202.96906397,   -150.23392145], [   59.83008665, 1300.02284618, -108.60917553,  332.52956324,    -32.79699627,  101.21477738,   51.20959944,  -40.12601901,      5.21357836,  -33.71003353,   -6.02991678,  -35.49909944,    -22.65383807], [ -638.29229478, -108.60917553, 1234.50367517,   60.73068121,    179.49980461,    0.21717087,  -63.52727841,   -3.86380588,    -45.21846134,  -24.9444125 ,    2.30298767,   22.54501401,      4.61611193], [ -224.60801472,  332.52956324,   60.73068121,  592.46362923,     93.41352117,  109.27752749,   73.37949032,   49.21501691,    104.48568614,    5.0267803 ,  -12.08598282,   33.50868423,     27.01415548], [ -510.55023853,  -32.79699627,  179.49980461,   93.41352117,    299.77764284,   58.18628037,   53.51959963,   89.03622116,     61.18012067,   36.32877384,   33.61790636,   32.87837606,     33.17174998], [  -94.38673933,  101.21477738,    0.21717087,  109.27752749,     58.18628037,  257.46043311,  116.94849039,   57.4071042 ,     82.14776365,   40.48466961,   39.9455344 ,   11.08554265,     -0.81650121], [ -466.25802046,   51.20959944,  -63.52727841,   73.37949032,     53.51959963,  116.94849039,  211.38379993,   83.22859504,     73.22247448,   42.81433592,   32.51632189,   18.79898364,     -2.28797284], [ -251.51657118,  -40.12601901,   -3.86380588,   49.21501691,     89.03622116,   57.4071042 ,   83.22859504,  194.76362312,     79.77076018,   68.07993276,   47.73840801,   29.17036419,     15.33393635], [ -485.94906086,    5.21357836,  -45.21846134,  104.48568614,     61.18012067,   82.14776365,   73.22247448,   79.77076018,    195.60196431,   73.41813736,   35.12805545,   33.30887212,      9.34986783], [ -226.00582553,  -33.71003353,  -24.9444125 ,    5.0267803 ,     36.32877384,   40.48466961,   42.81433592,   68.07993276,     73.41813736,  123.23459345,   54.87593069,   29.10711004,     10.8506561 ], [ -225.87080371,   -6.02991678,    2.30298767,  -12.08598282,     33.61790636,   39.9455344 ,   32.51632189,   47.73840801,     35.12805545,   54.87593069,  107.56729383,   39.33975926,     17.23615669], [ -202.96906397,  -35.49909944,   22.54501401,   33.50868423,     32.87837606,   11.08554265,   18.79898364,   29.17036419,     33.30887212,   29.10711004,   39.33975926,   90.44872363,     39.58778595], [ -150.23392145,  -22.65383807,    4.61611193,   27.01415548,     33.17174998,   -0.81650121,   -2.28797284,   15.33393635,      9.34986783,   10.8506561 ,   17.23615669,   39.58778595,     84.56908304]]
music/Old Pop/Aliotta Haynes Jeremiah - Lake Shore Drive.mp3; [-550.94824   , 125.85193   ,   3.704709  ,  23.428286  ,  -2.5457604 ,    8.880935  ,  -0.7763799 ,   3.362801  ,   2.0959432 ,  -0.35223445,    1.7036577 ,  -2.2110138 ,  -1.3488319 ]; [[10135.74301557,  935.56981963, -180.16472431,  -83.77790709,   -186.49107657,  -12.1630875 , -225.71451374,  -26.38552773,    -47.24888934,   -9.78614075,  -24.07309185,  -76.63175795,   -103.13577016], [  935.56981963,  727.60013504, -215.43940047,   -7.2088637 ,    -74.58350514,  -17.78321945,   -6.49393639,   10.49471942,      4.13101278,   10.70466363,   26.68252146,   16.10447573,     -5.8282365 ], [ -180.16472431, -215.43940047,  306.35233717,   31.86057895,     68.29392295,   23.90917225,   22.20688353,    9.13770566,      7.17454143,  -19.24411897,   -8.49356352,    8.13833535,      8.8372199 ], [  -83.77790709,   -7.2088637 ,   31.86057895,  203.84868437,     42.6257533 ,   14.53528078,   -1.53797281,  -18.82742134,     -2.80570062,  -25.79793659,    0.08461075,    7.39381775,     40.2077262 ], [ -186.49107657,  -74.58350514,   68.29392295,   42.6257533 ,    190.56369455,   -4.62120446,  -21.035065  ,  -19.93534154,      3.63022309,    4.85110742,    4.27596506,   26.94400508,     27.71998117], [  -12.1630875 ,  -17.78321945,   23.90917225,   14.53528078,     -4.62120446,  106.79064278,   43.07679693,   22.02815444,      7.31082801,    7.44869139,    7.6518111 ,    3.95547565,     -1.17595267], [ -225.71451374,   -6.49393639,   22.20688353,   -1.53797281,    -21.035065  ,   43.07679693,  121.85960483,   42.69940281,      9.61233343,    0.10561092,   10.18179476,    4.98988058,      8.99112757], [  -26.38552773,   10.49471942,    9.13770566,  -18.82742134,    -19.93534154,   22.02815444,   42.69940281,   84.02465705,     26.13867196,    8.94197007,   -7.28359072,   -8.14706557,      4.90018718], [  -47.24888934,    4.13101278,    7.17454143,   -2.80570062,      3.63022309,    7.31082801,    9.61233343,   26.13867196,     76.19607642,   28.20309596,    2.10685054,   -4.62236696,     -7.87486987], [   -9.78614075,   10.70466363,  -19.24411897,  -25.79793659,      4.85110742,    7.44869139,    0.10561092,    8.94197007,     28.20309596,   88.34151703,   33.50792752,    7.31848544,     -9.43379606], [  -24.07309185,   26.68252146,   -8.49356352,    0.08461075,      4.27596506,    7.6518111 ,   10.18179476,   -7.28359072,      2.10685054,   33.50792752,   70.9933579 ,   28.86489824,      0.42199433], [  -76.63175795,   16.10447573,    8.13833535,    7.39381775,     26.94400508,    3.95547565,    4.98988058,   -8.14706557,     -4.62236696,    7.31848544,   28.86489824,   75.51302149,     30.71877118], [ -103.13577016,   -5.8282365 ,    8.8372199 ,   40.2077262 ,     27.71998117,   -1.17595267,    8.99112757,    4.90018718,     -7.87486987,   -9.43379606,    0.42199433,   30.71877118,     79.96999089]]
music/Old Pop/Marvin Gaye - Ain't No Mountain High Enough.mp3; [-575.50604   ,  97.32671   , -22.372066  ,  39.965572  ,   1.738559  ,   17.992002  ,   3.7848608 ,   6.198352  ,  -1.7871454 ,   1.8809208 ,   -5.205558  ,  -5.186117  ,  -0.46656647]; [[13562.22652746,   78.62074629, -565.17198284,  303.95940782,   -246.86670997, -131.4724288 ,  -93.19584419,  189.03749986,    -83.01338036,  116.33360723, -137.31034263, -251.83653993,   -127.2789131 ], [   78.62074629, 1012.78852225,  -66.29296729,   94.07901509,     28.85131336,  108.13574881,   41.80340495,  -38.80307256,      5.91304746,  -48.19278767,  -18.78403968,   15.96286645,    -18.64266867], [ -565.17198284,  -66.29296729,  384.60249254,    8.6513517 ,     56.55948737,   14.25005093,  -13.88157381,  -21.18643535,     -2.76287122,  -33.33465771,   23.14910148,    5.40698351,     -6.43658121], [  303.95940782,   94.07901509,    8.6513517 ,  277.70430545,     76.36130221,   -7.45333142,  -51.21551586,  -13.76387192,      1.93153158,  -28.67904952,  -24.35057852,   19.70989705,     16.37362345], [ -246.86670997,   28.85131336,   56.55948737,   76.36130221,    229.29904306,   46.21554448,  -37.702304  ,  -34.99161239,     -0.72656052,  -21.80965891,  -13.77626955,   15.53102583,      8.76886185], [ -131.4724288 ,  108.13574881,   14.25005093,   -7.45333142,     46.21554448,  228.53201289,   41.24699659,   -8.69365927,    -21.48722557,  -34.4666555 ,   16.34368779,   -7.59301358,     -1.1775813 ], [  -93.19584419,   41.80340495,  -13.88157381,  -51.21551586,    -37.702304  ,   41.24699659,  198.8458989 ,   25.92016269,    -17.40839516,   26.25353764,  -11.75574099,   -4.58742312,     -6.12290723], [  189.03749986,  -38.80307256,  -21.18643535,  -13.76387192,    -34.99161239,   -8.69365927,   25.92016269,  118.28740841,     23.83148622,   -3.44606842,   -1.63622375,  -11.02025929,    -10.68258462], [  -83.01338036,    5.91304746,   -2.76287122,    1.93153158,     -0.72656052,  -21.48722557,  -17.40839516,   23.83148622,     92.32086223,   25.75781787,    5.54035177,   -0.9323655 ,    -10.16301218], [  116.33360723,  -48.19278767,  -33.33465771,  -28.67904952,    -21.80965891,  -34.4666555 ,   26.25353764,   -3.44606842,     25.75781787,  114.34642746,   24.15323503,   -6.17413691,     -8.54337424], [ -137.31034263,  -18.78403968,   23.14910148,  -24.35057852,    -13.77626955,   16.34368779,  -11.75574099,   -1.63622375,      5.54035177,   24.15323503,   91.44173969,   16.58083825,    -10.66793207], [ -251.83653993,   15.96286645,    5.40698351,   19.70989705,     15.53102583,   -7.59301358,   -4.58742312,  -11.02025929,     -0.9323655 ,   -6.17413691,   16.58083825,   77.89041179,     19.5231849 ], [ -127.2789131 ,  -18.64266867,   -6.43658121,   16.37362345,      8.76886185,   -1.1775813 ,   -6.12290723,  -10.68258462,    -10.16301218,   -8.54337424,  -10.66793207,   19.5231849 ,     79.82890945]]
music/Old Pop/Fools Garden - Lemon Tree.mp3; [-625.48535   , 151.68669   ,  10.316055  ,   4.4790583 ,  -1.7055068 ,   -2.216839  ,  -3.1108797 ,  -3.4784577 ,  -2.0677228 ,   0.5141118 ,   -1.3655571 ,  -0.40858436,  -8.987428  ]; [[14318.47012856,-1749.30373123, -907.54147139, -360.90685209,   -275.51174082,  292.02820913,  150.98218518,  144.81020124,    228.18938733,  188.21736695,   78.54290699,  324.2265587 ,   -166.62852109], [-1749.30373123, 2277.71331777,  -36.33588141,  153.9190927 ,     90.516261  ,  -45.17731494,  116.3076315 ,  -40.83829966,    -50.43569261,  -31.42612583,   37.71427198,  -26.53840654,      7.4674372 ], [ -907.54147139,  -36.33588141,  952.63913772,  227.4011568 ,    218.45698556,   83.17851817,   63.6489831 ,  103.57920221,      3.15422132,   87.5254335 ,    2.74145355,   21.76525902,    116.0881548 ], [ -360.90685209,  153.9190927 ,  227.4011568 ,  474.23082793,    186.01940709,   18.71886001,   12.92588406,   61.53661792,     46.19280649,   52.82428977,  -20.20471777,   34.03419601,     67.5059489 ], [ -275.51174082,   90.516261  ,  218.45698556,  186.01940709,    306.16203731,   63.62086959,   38.37156337,   62.92664863,     50.82928386,   49.71462634,   24.86274068,    6.07125558,     43.03759097], [  292.02820913,  -45.17731494,   83.17851817,   18.71886001,     63.62086959,  220.53968017,  109.73765316,   65.54944077,     33.15765581,   36.77273413,   65.69886199,   17.94463791,      6.6569907 ], [  150.98218518,  116.3076315 ,   63.6489831 ,   12.92588406,     38.37156337,  109.73765316,  254.13639113,   85.54486764,     24.29890441,   27.16584323,   54.95364771,   41.39047272,     17.18112338], [  144.81020124,  -40.83829966,  103.57920221,   61.53661792,     62.92664863,   65.54944077,   85.54486764,  166.31872503,     49.24213988,   36.59726659,   25.35422745,   24.07725644,     36.75672702], [  228.18938733,  -50.43569261,    3.15422132,   46.19280649,     50.82928386,   33.15765581,   24.29890441,   49.24213988,    138.66793557,   32.74803279,   25.31661265,   25.21718544,      0.34321585], [  188.21736695,  -31.42612583,   87.5254335 ,   52.82428977,     49.71462634,   36.77273413,   27.16584323,   36.59726659,     32.74803279,  124.48571168,   29.78374574,   32.9614357 ,     11.57124253], [   78.54290699,   37.71427198,    2.74145355,  -20.20471777,     24.86274068,   65.69886199,   54.95364771,   25.35422745,     25.31661265,   29.78374574,  125.91318148,   16.48775606,    -10.5374283 ], [  324.2265587 ,  -26.53840654,   21.76525902,   34.03419601,      6.07125558,   17.94463791,   41.39047272,   24.07725644,     25.21718544,   32.9614357 ,   16.48775606,  113.99753932,     14.42367392], [ -166.62852109,    7.4674372 ,  116.0881548 ,   67.5059489 ,     43.03759097,    6.6569907 ,   17.18112338,   36.75672702,      0.34321585,   11.57124253,  -10.5374283 ,   14.42367392,    114.5085496 ]]
