music/Hip Hop German/Audio88 & Yassin - Gnade (feat Nico KIZ).mp3; [-583.57434   , 127.60423   ,  25.569977  ,  10.586419  ,  -0.6435251 ,    1.9962088 ,  -7.124673  ,  -0.45479977,  -3.2059193 ,   1.5143138 ,   -5.563305  ,   3.091144  ,  -0.5703181 ]; [[17483.02943856,-2150.63426485, -575.89803887,  228.54621408,   -340.36511735,  179.98355593,  -79.9895485 ,  374.50103037,    109.88543464,  403.0475384 ,  201.80600899,  298.67404557,     11.84921173], [-2150.63426485, 2725.98044196, -348.97938055, -114.88147049,    115.48303726,  -87.52783361,   45.56968101,  -92.51612373,    -12.39957316,  -75.38687695,  -79.92415852,  -28.07770266,      5.7156773 ], [ -575.89803887, -348.97938055,  991.11393344,  171.09515763,    184.63310446,  152.76533162,   96.24426831,   92.28929754,     95.73455208,   29.1051712 ,   66.82162908,   48.98230166,     76.51446122], [  228.54621408, -114.88147049,  171.09515763,  623.59059931,    198.25923665,   90.49149319,   90.80118969,   47.52015323,     74.04914622,  100.71040249,   22.96342466,   65.20785698,     76.42222291], [ -340.36511735,  115.48303726,  184.63310446,  198.25923665,    459.20839585,   89.0632555 ,   28.10269378,   34.65738094,     80.97818529,   58.60818148,   37.20913245,   30.81144369,     40.3213581 ], [  179.98355593,  -87.52783361,  152.76533162,   90.49149319,     89.0632555 ,  232.68424905,  104.3932346 ,   79.11090275,     56.47360223,   56.47801955,   64.6512559 ,   47.88706031,     20.78685282], [  -79.9895485 ,   45.56968101,   96.24426831,   90.80118969,     28.10269378,  104.3932346 ,  252.67576239,   94.94437488,     26.46784606,   50.71919499,   54.90154053,   60.69537635,     13.34785949], [  374.50103037,  -92.51612373,   92.28929754,   47.52015323,     34.65738094,   79.11090275,   94.94437488,  216.15913512,     51.30894557,   29.88797676,   78.61917933,   29.65357961,     21.72694863], [  109.88543464,  -12.39957316,   95.73455208,   74.04914622,     80.97818529,   56.47360223,   26.46784606,   51.30894557,    139.11459133,   54.9670457 ,   28.00595462,   28.40108917,     24.83480226], [  403.0475384 ,  -75.38687695,   29.1051712 ,  100.71040249,     58.60818148,   56.47801955,   50.71919499,   29.88797676,     54.9670457 ,  165.98142686,   44.95913531,   47.42757384,     26.2523084 ], [  201.80600899,  -79.92415852,   66.82162908,   22.96342466,     37.20913245,   64.6512559 ,   54.90154053,   78.61917933,     28.00595462,   44.95913531,  148.04922669,   53.11580794,     12.48187096], [  298.67404557,  -28.07770266,   48.98230166,   65.20785698,     30.81144369,   47.88706031,   60.69537635,   29.65357961,     28.40108917,   47.42757384,   53.11580794,  127.5383531 ,     30.988481  ], [   11.84921173,    5.7156773 ,   76.51446122,   76.42222291,     40.3213581 ,   20.78685282,   13.34785949,   21.72694863,     24.83480226,   26.2523084 ,   12.48187096,   30.988481  ,    106.92942541]]
music/Hip Hop German/Kontra K - Erfolg ist kein Glück.mp3; [-557.0958   , 120.767784 ,  20.853037 ,  15.662942 ,  11.038191 ,    3.087007 ,  -2.0547557,   2.0146413,  -1.4952104,   4.1455264,    2.7920969,   2.6434422,   5.082818 ]; [[10008.02667827,   50.8092319 , -202.34737757,  -59.04408527,   -107.48102114,  109.18197318,  179.08609268,  149.36888138,    106.36660303,   68.8272532 ,   97.34797691,   15.23201815,    -66.15476318], [   50.8092319 , 1557.47388505, -401.80341194,   47.3789882 ,     12.20312187,  -61.58700037,   28.61874452,  -20.51629175,     80.61124752,   -1.912961  ,   37.88521536,   21.14857319,     80.5486587 ], [ -202.34737757, -401.80341194,  721.88441224,  143.75619373,    188.08819138,  164.91956755,   75.8520513 ,  129.03634342,     10.22773343,   30.4115457 ,  -10.35355282,   25.58149936,     14.26158874], [  -59.04408527,   47.3789882 ,  143.75619373,  350.46862373,    136.79058698,  115.19925742,   19.11427351,   22.89137161,     22.87942894,   12.62364545,  -14.70087861,    4.38026215,     28.18369886], [ -107.48102114,   12.20312187,  188.08819138,  136.79058698,    386.67539372,   89.46951579,   -4.40231194,  -21.94257788,     28.16917347,   91.96807155,    6.96524978,   -2.16704351,     36.91407449], [  109.18197318,  -61.58700037,  164.91956755,  115.19925742,     89.46951579,  210.74997258,   90.68840032,   69.94061524,     36.9909087 ,   29.32579972,   20.39262682,   29.75771426,     -2.61237455], [  179.08609268,   28.61874452,   75.8520513 ,   19.11427351,     -4.40231194,   90.68840032,  195.24421614,  103.55511149,     43.88849998,   28.71454514,   29.22680353,   31.97324322,      3.81573044], [  149.36888138,  -20.51629175,  129.03634342,   22.89137161,    -21.94257788,   69.94061524,  103.55511149,  170.80283305,     50.14407184,   11.53251224,   21.40327262,   27.39894699,      5.40290568], [  106.36660303,   80.61124752,   10.22773343,   22.87942894,     28.16917347,   36.9909087 ,   43.88849998,   50.14407184,    115.51633519,   49.60592145,   36.42937231,   25.44909931,      8.48224732], [   68.8272532 ,   -1.912961  ,   30.4115457 ,   12.62364545,     91.96807155,   29.32579972,   28.71454514,   11.53251224,     49.60592145,  126.47463035,   43.02840092,   23.43865804,     14.85362304], [   97.34797691,   37.88521536,  -10.35355282,  -14.70087861,      6.96524978,   20.39262682,   29.22680353,   21.40327262,     36.42937231,   43.02840092,   99.28834945,   42.34236439,     14.47776942], [   15.23201815,   21.14857319,   25.58149936,    4.38026215,     -2.16704351,   29.75771426,   31.97324322,   27.39894699,     25.44909931,   23.43865804,   42.34236439,   78.73812542,     26.67476663], [  -66.15476318,   80.5486587 ,   14.26158874,   28.18369886,     36.91407449,   -2.61237455,    3.81573044,    5.40290568,      8.48224732,   14.85362304,   14.47776942,   26.67476663,     78.50095652]]
music/Hip Hop German/Yung Larry - Lauch.mp3; [-593.2905   , 119.775    ,   9.86436  ,  13.540297 ,  -2.8829515,    2.712889 ,  -4.6591353,   4.544383 ,  -0.7674088,   3.2280407,    4.51241  ,   3.4843428,   2.127025 ]; [[12941.49610513,-1522.83088357,  147.85309556,  230.54409182,   -184.97231803,  376.22303973,  566.96193702,  673.46121585,     56.46924909,  149.7893372 ,  105.00048464,   80.9993    ,    -16.40882516], [-1522.83088357, 1906.78289846,    7.94582666,  -78.30506802,    170.00466037,  156.73764681,  241.95649882,  181.55914779,    120.21368302,   78.72399783,  120.57765963,  -24.16473491,     13.01744263], [  147.85309556,    7.94582666, 1002.14989196,  141.20528374,     20.15566341,  154.07423071,  164.13410915,  164.77888779,     73.90587736,   46.07201392,   47.99094354,   37.74610226,     50.00395502], [  230.54409182,  -78.30506802,  141.20528374,  628.49714177,    276.45305318,  106.65374458,   99.69602359,   94.76997181,    111.05781283,   21.95970373,  -35.9870971 ,   26.39601734,     19.79320566], [ -184.97231803,  170.00466037,   20.15566341,  276.45305318,    443.41414173,  163.6450753 ,   36.94282743,   94.5904425 ,    113.09580676,   86.11895952,   -7.13568731,   11.48371544,     11.99222865], [  376.22303973,  156.73764681,  154.07423071,  106.65374458,    163.6450753 ,  336.72565327,  209.53283128,  172.7983905 ,    101.91230286,   78.02792187,   67.09640302,   32.44253481,     25.42761825], [  566.96193702,  241.95649882,  164.13410915,   99.69602359,     36.94282743,  209.53283128,  380.78868565,  238.78266083,     83.79941632,   45.9799275 ,   59.37126527,   24.59012861,     38.21840101], [  673.46121585,  181.55914779,  164.77888779,   94.76997181,     94.5904425 ,  172.7983905 ,  238.78266083,  371.0386103 ,    166.08276045,   70.31087694,   32.24894217,   13.86599638,     51.13680966], [   56.46924909,  120.21368302,   73.90587736,  111.05781283,    113.09580676,  101.91230286,   83.79941632,  166.08276045,    219.44662975,   94.28417546,   18.10304972,   18.8616317 ,     37.22624011], [  149.7893372 ,   78.72399783,   46.07201392,   21.95970373,     86.11895952,   78.02792187,   45.9799275 ,   70.31087694,     94.28417546,  196.07844156,   81.45178418,   16.23076891,     20.17324086], [  105.00048464,  120.57765963,   47.99094354,  -35.9870971 ,     -7.13568731,   67.09640302,   59.37126527,   32.24894217,     18.10304972,   81.45178418,  158.98663931,   48.5244484 ,      6.15184588], [   80.9993    ,  -24.16473491,   37.74610226,   26.39601734,     11.48371544,   32.44253481,   24.59012861,   13.86599638,     18.8616317 ,   16.23076891,   48.5244484 ,  108.36838089,     46.61300055], [  -16.40882516,   13.01744263,   50.00395502,   19.79320566,     11.99222865,   25.42761825,   38.21840101,   51.13680966,     37.22624011,   20.17324086,    6.15184588,   46.61300055,    111.38934686]]
music/Hip Hop German/Prinz Pi - Kompass ohne Norden.mp3; [-554.56964   , 133.87622   ,   4.1367083 ,  15.108204  ,   6.7468123 ,   10.621866  ,   3.8553708 ,   2.5932362 ,  -4.377772  ,  -3.4152462 ,   -0.04974659,  -4.8254867 ,   1.8960967 ]; [[9609.6352212 ,-822.54319839, 158.6935236 , 356.23278519,-233.49428603,  -227.11991609, 120.89071162,  52.19344137,-120.08592463, 247.05909526,   248.63064801, 132.58846959, 194.53631163], [-822.54319839,2273.80005144,-584.09162532,-103.56977792, 137.73968946,    14.20298622, -12.10627764,  96.90036458, -86.83506581, -18.78117165,   -39.04003587, -34.12412067, -31.50825587], [ 158.6935236 ,-584.09162532, 889.88599155, 141.49678173, 113.68594873,   270.39267837,  98.25222079,  58.39110128, 204.92697679,   8.38364531,    66.41504716,  83.44496538,  19.74067711], [ 356.23278519,-103.56977792, 141.49678173, 486.86218848, 155.52899928,    53.37594706, -27.85758636,  18.17183857,  53.59043332,  41.54956979,    38.0990979 ,  30.89517112,  54.55647273], [-233.49428603, 137.73968946, 113.68594873, 155.52899928, 378.86023225,   113.40792805, -11.099685  , -14.99740723,  92.70300442,  36.68839028,    15.31835716,  34.07870343,  17.51661197], [-227.11991609,  14.20298622, 270.39267837,  53.37594706, 113.40792805,   314.47677325,  80.76597768,  27.77374481, 120.80955223,  22.62140727,    35.29348001,  52.68627011, -15.49317973], [ 120.89071162, -12.10627764,  98.25222079, -27.85758636, -11.099685  ,    80.76597768, 274.16585842, 124.38010672,  44.88940052,  89.66280288,    68.14345866,  49.51092142,  30.12337403], [  52.19344137,  96.90036458,  58.39110128,  18.17183857, -14.99740723,    27.77374481, 124.38010672, 204.51288299,  45.6345433 ,  56.7496925 ,    46.62189755,  25.38198802,  43.63349234], [-120.08592463, -86.83506581, 204.92697679,  53.59043332,  92.70300442,   120.80955223,  44.88940052,  45.6345433 , 189.0954021 ,  49.22886939,    14.667049  ,  33.24775543,   5.33151213], [ 247.05909526, -18.78117165,   8.38364531,  41.54956979,  36.68839028,    22.62140727,  89.66280288,  56.7496925 ,  49.22886939, 182.5597077 ,    67.17987844,  49.26665729,  36.31024088], [ 248.63064801, -39.04003587,  66.41504716,  38.0990979 ,  15.31835716,    35.29348001,  68.14345866,  46.62189755,  14.667049  ,  67.17987844,   130.44427374,  51.55151578,  28.27464992], [ 132.58846959, -34.12412067,  83.44496538,  30.89517112,  34.07870343,    52.68627011,  49.51092142,  25.38198802,  33.24775543,  49.26665729,    51.55151578, 130.93419812,  38.5877267 ], [ 194.53631163, -31.50825587,  19.74067711,  54.55647273,  17.51661197,   -15.49317973,  30.12337403,  43.63349234,   5.33151213,  36.31024088,    28.27464992,  38.5877267 , 115.89443254]]
music/Klassik Solo/Mozart_ Piano Sonata No11 In A K 331 -_Alla Turca_ - 3 Alla Turca (Allegretto).mp3; [-904.3868   , 185.34695  ,  -5.892433 , -36.74699  , -16.053898 ,   -8.641418 ,  -4.907473 ,  -3.0463037,  -2.5512354,  -0.894651 ,   -2.5604484,  -5.417114 ,  -2.4967864]; [[ 6319.82873448, 2733.16613801,-2153.01108372, -162.65717091,    119.20365777, -357.58139839, -307.12547814, -240.68432964,   -296.94516122, -195.6945095 ,  -98.84647667, -185.61237065,   -147.95799584], [ 2733.16613801, 1627.1079645 , -646.95504532, -261.942744  ,     11.75820615, -172.91919757, -185.3298859 , -154.17176282,   -139.54177067,  -79.64886382,  -47.64331504, -108.03444805,    -95.32456668], [-2153.01108372, -646.95504532, 1123.37175248,   47.00269794,   -152.50895688,  105.1754075 ,   40.26408027,   11.50897525,     82.8915874 ,   78.85160822,   46.43414084,   57.25446171,      5.50799239], [ -162.65717091, -261.942744  ,   47.00269794,  256.39947889,     39.6341747 ,  -23.08462708,  -17.14440026,  -35.77577258,    -20.9225248 ,   15.98203385,   56.15460305,   55.08539422,      5.27252048], [  119.20365777,   11.75820615, -152.50895688,   39.6341747 ,    168.57028612,   35.84297435,  -27.81694606,  -36.31745565,    -51.88794689,  -41.05226215,    0.71531209,   34.82590515,     49.81901534], [ -357.58139839, -172.91919757,  105.1754075 ,  -23.08462708,     35.84297435,  159.84232704,   99.61310416,   43.10015359,      5.05492553,  -70.66192716,  -84.67295603,   -1.86381536,     61.77820412], [ -307.12547814, -185.3298859 ,   40.26408027,  -17.14440026,    -27.81694606,   99.61310416,  212.00528702,  169.24245187,     63.50680352,  -51.9451035 , -115.01081205,  -58.69091407,     22.7414206 ], [ -240.68432964, -154.17176282,   11.50897525,  -35.77577258,    -36.31745565,   43.10015359,  169.24245187,  220.19393875,    120.36644249,  -18.52759978, -101.64209737,  -93.02767573,    -22.33820321], [ -296.94516122, -139.54177067,   82.8915874 ,  -20.9225248 ,    -51.88794689,    5.05492553,   63.50680352,  120.36644249,    151.79934152,   83.60219523,  -12.6741278 ,  -58.24509944,    -56.04234485], [ -195.6945095 ,  -79.64886382,   78.85160822,   15.98203385,    -41.05226215,  -70.66192716,  -51.9451035 ,  -18.52759978,     83.60219523,  200.68664443,  161.37754107,   29.86742798,    -64.31005005], [  -98.84647667,  -47.64331504,   46.43414084,   56.15460305,      0.71531209,  -84.67295603, -115.01081205, -101.64209737,    -12.6741278 ,  161.37754107,  257.18872624,  144.4887528 ,    -29.35066758], [ -185.61237065, -108.03444805,   57.25446171,   55.08539422,     34.82590515,   -1.86381536,  -58.69091407,  -93.02767573,    -58.24509944,   29.86742798,  144.4887528 ,  209.83182874,    106.53511397], [ -147.95799584,  -95.32456668,    5.50799239,    5.27252048,     49.81901534,   61.77820412,   22.7414206 ,  -22.33820321,    -56.04234485,  -64.31005005,  -29.35066758,  106.53511397,    212.22150703]]
music/Klassik Solo/Philippe Entremont Beethoven Bagatelle Für Elise .mp3; [-901.3284    , 198.87164   ,  12.104703  , -21.870077  ,  -5.613928  ,   -7.269969  ,  -8.228263  ,  -5.5226507 ,  -1.6948935 ,   0.22524023,    2.0003824 ,   2.5927489 ,  -2.3872988 ]; [[ 6765.17949504, 4006.51655127,-1221.64802729,  157.27632259,    401.28221491, -302.56802852, -251.42683716, -274.41703562,   -245.88740085, -328.36106772, -357.83509927, -330.93890415,   -273.43575911], [ 4006.51655127, 3320.15657393,  211.27672915, -106.15535302,    271.20985115,   27.37053959, -163.24904308, -181.99391818,   -236.77898813, -335.87894305, -342.60726806, -263.82210954,   -161.87909861], [-1221.64802729,  211.27672915, 1360.57296733,  -11.02784987,    -73.18685167,  290.92832334,   78.82641093,   35.2072675 ,    -24.96577686,  -92.60297029,  -75.76736474,  -26.53959649,     21.85708776], [  157.27632259, -106.15535302,  -11.02784987,  371.34204098,    100.13284707,  -25.90498783,   50.80746561,   17.70053817,      8.92856298,  -10.85600695,  -10.27886219,  -13.66778196,    -28.50520861], [  401.28221491,  271.20985115,  -73.18685167,  100.13284707,    250.24185941,   61.87059542,  -14.37257406,    2.1494373 ,    -40.4175115 ,  -66.3083992 ,  -64.97251773,  -38.25880333,    -17.19104031], [ -302.56802852,   27.37053959,  290.92832334,  -25.90498783,     61.87059542,  216.65033978,   77.233291  ,   15.5695613 ,      8.58209483,  -35.57185386,  -50.66872687,  -39.06738893,    -23.39433258], [ -251.42683716, -163.24904308,   78.82641093,   50.80746561,    -14.37257406,   77.233291  ,  137.68767485,   65.40970484,     13.69583294,   16.71083276,    9.69149942,   -2.95614715,    -16.28317111], [ -274.41703562, -181.99391818,   35.2072675 ,   17.70053817,      2.1494373 ,   15.5695613 ,   65.40970484,  106.04085983,     57.85986331,   25.2908214 ,   37.98106019,   39.23261895,     19.38866332], [ -245.88740085, -236.77898813,  -24.96577686,    8.92856298,    -40.4175115 ,    8.58209483,   13.69583294,   57.85986331,    142.23236912,  105.53782563,   54.28846074,   48.85753651,     25.70675805], [ -328.36106772, -335.87894305,  -92.60297029,  -10.85600695,    -66.3083992 ,  -35.57185386,   16.71083276,   25.2908214 ,    105.53782563,  178.76121887,  130.87269896,   66.16333054,     32.51080441], [ -357.83509927, -342.60726806,  -75.76736474,  -10.27886219,    -64.97251773,  -50.66872687,    9.69149942,   37.98106019,     54.28846074,  130.87269896,  187.504972  ,  136.14191832,     44.7472677 ], [ -330.93890415, -263.82210954,  -26.53959649,  -13.66778196,    -38.25880333,  -39.06738893,   -2.95614715,   39.23261895,     48.85753651,   66.16333054,  136.14191832,  185.0778565 ,    103.54638839], [ -273.43575911, -161.87909861,   21.85708776,  -28.50520861,    -17.19104031,  -23.39433258,  -16.28317111,   19.38866332,     25.70675805,   32.51080441,   44.7472677 ,  103.54638839,    139.15603022]]
music/Klassik Solo/Beethoven - Für Elise.mp3; [-991.82916   , 152.90236   ,  52.80322   ,  -4.760282  , -16.141863  ,  -15.897314  , -15.946361  , -13.473132  ,  -7.1293325 ,   0.45636272,    4.9179635 ,   3.5351715 ,  -3.4594622 ]; [[2936.34136757,2246.47350108,-471.22860356,-827.77991248,-192.08833385,  -111.40895616,-216.1472959 ,-199.27696437,-170.99022724,-173.52953751,  -163.88109959,-119.2778297 ,-111.01516118], [2246.47350108,1912.50056947, -24.588084  ,-504.38008853,-176.36089348,   -99.66258245,-183.18746443,-203.55743984,-203.73734583,-214.65349629,  -194.56789491,-135.37985144, -96.14851518], [-471.22860356, -24.588084  , 718.20258562, 473.8729687 ,  32.30458913,   -18.82822602,   4.45832456, -52.51389348,-112.74916666,-138.79574231,  -122.15468985, -78.08391803,  -5.9603959 ], [-827.77991248,-504.38008853, 473.8729687 , 573.66441483, 190.88267032,    26.42675085,  45.23267268,  29.88263574, -31.3366253 , -74.16435985,   -77.28542464, -49.94281812,  15.51252536], [-192.08833385,-176.36089348,  32.30458913, 190.88267032, 191.53592152,    90.36093062,  27.65904126,  23.30227611,   0.07413464, -44.76499759,   -62.1221622 , -42.81910076,   0.90662671], [-111.40895616, -99.66258245, -18.82822602,  26.42675085,  90.36093062,   123.76922416,  77.53098504,  29.10961903,  13.38386397,  -9.21788954,   -31.9925996 , -28.78971967, -11.0916322 ], [-216.1472959 ,-183.18746443,   4.45832456,  45.23267268,  27.65904126,    77.53098504, 120.47085726,  92.99543102,  54.21814719,  34.57669554,    13.85853891,  -5.85681843, -17.87824088], [-199.27696437,-203.55743984, -52.51389348,  29.88263574,  23.30227611,    29.10961903,  92.99543102, 138.0943586 , 116.80922409,  75.62174714,    44.02986091,  12.52106005, -14.55219517], [-170.99022724,-203.73734583,-112.74916666, -31.3366253 ,   0.07413464,    13.38386397,  54.21814719, 116.80922409, 156.77613802, 142.36446589,    89.52041466,  36.36091288,  -6.99737264], [-173.52953751,-214.65349629,-138.79574231, -74.16435985, -44.76499759,    -9.21788954,  34.57669554,  75.62174714, 142.36446589, 198.54437083,   172.13970074,  87.54161336,   1.59466133], [-163.88109959,-194.56789491,-122.15468985, -77.28542464, -62.1221622 ,   -31.9925996 ,  13.85853891,  44.02986091,  89.52041466, 172.13970074,   207.18892856, 139.6245666 ,  28.83962947], [-119.2778297 ,-135.37985144, -78.08391803, -49.94281812, -42.81910076,   -28.78971967,  -5.85681843,  12.52106005,  36.36091288,  87.54161336,   139.6245666 , 138.45760604,  76.15976953], [-111.01516118, -96.14851518,  -5.9603959 ,  15.51252536,   0.90662671,   -11.0916322 , -17.87824088, -14.55219517,  -6.99737264,   1.59466133,    28.83962947,  76.15976953, 104.67762311]]
music/Klassik Solo/Toccaqta & Fugue D Minor BWV 565 Toccata.mp3; [-736.0249    , 140.55733   ,  -9.547138  ,   6.127069  , -11.407437  ,   10.778028  ,  -9.220854  ,   0.9964268 ,  -2.4744494 ,   4.8657475 ,   -3.13242   ,  -0.88219136,  -1.4233391 ]; [[17425.46757688, 1100.62880083,-1753.0984202 ,  247.70313814,   -873.44189673,  -66.04647155, -536.31772968, -123.64655461,   -217.04453645, -377.33354771, -311.65532766,  251.0059523 ,   -211.82128541], [ 1100.62880083, 1894.9185597 ,  295.7220272 ,  -25.63106556,     75.53621771,  106.00673076,  184.89428843, -175.82884332,    -41.61432925, -126.49586664, -115.30045027,    1.05934968,     22.76636648], [-1753.0984202 ,  295.7220272 ,  826.0060605 ,   99.40115528,    133.19031412,  156.95870112,  135.62172978,  -20.29621423,     32.807033  ,   11.48891374,  -45.89091854,   13.21323853,     71.50442897], [  247.70313814,  -25.63106556,   99.40115528,  305.8257751 ,     17.62331072,   47.20591932,   47.79740454,   26.92637728,     46.28199631,  -37.99652155,   16.85369481,    3.26651503,     14.52652704], [ -873.44189673,   75.53621771,  133.19031412,   17.62331072,    240.78074422,   -3.88975185,  120.77795716,   28.61810697,     31.81581777,   14.75300706,   -4.12121884,   45.43046345,      4.56891868], [  -66.04647155,  106.00673076,  156.95870112,   47.20591932,     -3.88975185,  199.61287737,    9.94603353,    3.7920096 ,     28.75764553,   18.71433969,   17.22782625,  -42.951135  ,      7.45214641], [ -536.31772968,  184.89428843,  135.62172978,   47.79740454,    120.77795716,    9.94603353,  262.23332801,  -12.99941746,     60.93129104,   16.21885134,  -23.59422609,   34.47066821,     30.01651862], [ -123.64655461, -175.82884332,  -20.29621423,   26.92637728,     28.61810697,    3.7920096 ,  -12.99941746,  181.75334859,     47.72799299,   13.82333746,   47.31426179,   13.44346223,     -1.36490179], [ -217.04453645,  -41.61432925,   32.807033  ,   46.28199631,     31.81581777,   28.75764553,   60.93129104,   47.72799299,    189.1773563 ,   34.35445509,   34.59183953,   22.14628316,     -9.55636571], [ -377.33354771, -126.49586664,   11.48891374,  -37.99652155,     14.75300706,   18.71433969,   16.21885134,   13.82333746,     34.35445509,  196.5075849 ,   24.96242176,  -55.22491698,     -5.47043781], [ -311.65532766, -115.30045027,  -45.89091854,   16.85369481,     -4.12121884,   17.22782625,  -23.59422609,   47.31426179,     34.59183953,   24.96242176,  207.92911084,  -55.21465317,    -84.65129453], [  251.0059523 ,    1.05934968,   13.21323853,    3.26651503,     45.43046345,  -42.951135  ,   34.47066821,   13.44346223,     22.14628316,  -55.22491698,  -55.21465317,  306.94376267,     68.77020131], [ -211.82128541,   22.76636648,   71.50442897,   14.52652704,      4.56891868,    7.45214641,   30.01651862,   -1.36490179,     -9.55636571,   -5.47043781,  -84.65129453,   68.77020131,    238.18606689]]
