music/New Pop/Boy - Little Numbers.mp3; [-556.34546   , 135.71376   ,  -3.4621525 ,   4.9292035 ,  -6.119117  ,    0.2818152 ,  -1.6372646 ,   2.1129537 ,   0.06286631,   0.5717434 ,   -1.3017302 ,   2.4528487 ,  -7.640659  ]; [[13043.82955218,-1348.44239275, -263.50029875,  931.80496773,    641.96394183,  594.40200794,  494.1698009 ,  519.42199092,    280.54005728,  152.92509652,  246.16799634,  217.59546216,    -81.24682256], [-1348.44239275, 1979.94676365, -259.49879554, -278.65695985,     25.83250818,  -19.91751106,  113.87770248,    4.10337943,     35.65153095,   59.959138  ,   33.5125649 ,   -8.05637929,     45.1344965 ], [ -263.50029875, -259.49879554,  533.60909138,   69.54146122,     19.45133259,  147.49938389,  -28.77875709,   19.87210792,      5.12739698,   20.68630928,   49.51070089,  -10.2947148 ,     30.16194879], [  931.80496773, -278.65695985,   69.54146122,  393.46743544,    159.32737401,   87.48717649,   81.60021003,   92.78879086,     67.87338063,   -2.83318678,   46.75548819,   44.34513714,     12.69693192], [  641.96394183,   25.83250818,   19.45133259,  159.32737401,    276.65555976,   55.23437751,   58.20653419,   67.79508682,     77.02215336,   17.50244184,   36.9965042 ,   62.1769972 ,     14.16916131], [  594.40200794,  -19.91751106,  147.49938389,   87.48717649,     55.23437751,  313.50282358,  104.78985995,   84.90906917,     28.00398035,   52.39404208,   94.17272606,  -18.84952277,     29.82052622], [  494.1698009 ,  113.87770248,  -28.77875709,   81.60021003,     58.20653419,  104.78985995,  263.62062962,   90.99673718,     16.41631443,   54.5220524 ,   78.20637781,   26.37243646,     19.71780465], [  519.42199092,    4.10337943,   19.87210792,   92.78879086,     67.79508682,   84.90906917,   90.99673718,  152.86825138,     62.10064565,   33.3637468 ,   55.15378083,   38.22203359,     31.52561878], [  280.54005728,   35.65153095,    5.12739698,   67.87338063,     77.02215336,   28.00398035,   16.41631443,   62.10064565,    139.26919645,   33.25595437,   26.18437878,   41.46483009,     26.96357581], [  152.92509652,   59.959138  ,   20.68630928,   -2.83318678,     17.50244184,   52.39404208,   54.5220524 ,   33.3637468 ,     33.25595437,  125.65908025,   61.7964184 ,   21.50675903,     24.395201  ], [  246.16799634,   33.5125649 ,   49.51070089,   46.75548819,     36.9965042 ,   94.17272606,   78.20637781,   55.15378083,     26.18437878,   61.7964184 ,  133.2608449 ,   28.53453926,     30.14333953], [  217.59546216,   -8.05637929,  -10.2947148 ,   44.34513714,     62.1769972 ,  -18.84952277,   26.37243646,   38.22203359,     41.46483009,   21.50675903,   28.53453926,  124.16814846,     21.98174647], [  -81.24682256,   45.1344965 ,   30.16194879,   12.69693192,     14.16916131,   29.82052622,   19.71780465,   31.52561878,     26.96357581,   24.395201  ,   30.14333953,   21.98174647,     84.0481653 ]]
music/New Pop/Dua Lipa - New Love.mp3; [-556.85815   , 123.11004   ,  21.576298  ,  23.11296   ,   7.6072984 ,   -3.7721784 ,   6.0317593 ,   6.116635  ,   1.0446903 ,   3.1654854 ,    0.5326327 ,   0.28984833,   0.6138864 ]; [[7504.52088422, 199.62250071, 905.4115155 ,-365.29393915, 211.26819972,   500.75178786, 557.33535882, 110.10245589, 339.3538967 , 199.88419425,    63.12472374, 277.07947449,  24.30840925], [ 199.62250071,1183.31650876, 109.45835642,  87.90340842,  56.18183201,   195.0962949 , 221.98627609,  60.07250675,  33.67984841,  51.82520873,    42.44830456, -25.08670262, -25.59485451], [ 905.4115155 , 109.45835642, 769.66463592, -59.1986627 , 114.53772783,   180.81215699, 108.74033571,  65.88732093, 107.28584623,  27.79921779,    73.35733171,  79.15845476,  56.0197537 ], [-365.29393915,  87.90340842, -59.1986627 , 358.5549508 ,  91.65679564,     3.10382009, -87.57620066,  27.98022934,  51.81759621, -12.28455676,     7.37484715,   0.649397  ,  43.44946865], [ 211.26819972,  56.18183201, 114.53772783,  91.65679564, 283.82860591,    61.06767044, -20.01309763,  15.56017935,  94.66443866,  18.27848601,    -1.58240678,  21.2075496 ,   3.29842429], [ 500.75178786, 195.0962949 , 180.81215699,   3.10382009,  61.06767044,   292.59931064,  75.69723529,  88.49285346,  35.032816  ,  30.77133651,    57.26198264,   8.21352698,  20.73685092], [ 557.33535882, 221.98627609, 108.74033571, -87.57620066, -20.01309763,    75.69723529, 315.80296878,  15.36426908,  16.00471774,  71.53635459,    22.11807945,  20.29211118, -21.30470292], [ 110.10245589,  60.07250675,  65.88732093,  27.98022934,  15.56017935,    88.49285346,  15.36426908, 157.09890569,  29.92882293,  17.01775491,    23.31693604,  -8.5114558 ,  35.46878376], [ 339.3538967 ,  33.67984841, 107.28584623,  51.81759621,  94.66443866,    35.032816  ,  16.00471774,  29.92882293, 151.68824114,  31.34829582,     9.05006545,  33.56913998,   1.32518648], [ 199.88419425,  51.82520873,  27.79921779, -12.28455676,  18.27848601,    30.77133651,  71.53635459,  17.01775491,  31.34829582,  95.52403119,    20.14621051,   4.33459236, -20.86438098], [  63.12472374,  42.44830456,  73.35733171,   7.37484715,  -1.58240678,    57.26198264,  22.11807945,  23.31693604,   9.05006545,  20.14621051,    92.49593763,   7.37292122,  18.84453343], [ 277.07947449, -25.08670262,  79.15845476,   0.649397  ,  21.2075496 ,     8.21352698,  20.29211118,  -8.5114558 ,  33.56913998,   4.33459236,     7.37292122, 138.39001121,  34.34026356], [  24.30840925, -25.59485451,  56.0197537 ,  43.44946865,   3.29842429,    20.73685092, -21.30470292,  35.46878376,   1.32518648, -20.86438098,    18.84453343,  34.34026356, 100.86459172]]
music/New Pop/Anna Burch - 2 Cool 2 Care.mp3; [-580.5292    , 143.63628   ,  -0.14214577,  19.295694  ,   3.9704437 ,    2.752152  ,   5.495646  ,  -1.5296944 ,   8.256534  ,  -0.4771477 ,   -5.983878  ,  -3.8704064 ,  -2.2441506 ]; [[13559.94437413,-1216.42265712, -996.42012926, -378.62631947,   -296.02190861, -289.34614615,  709.17454982,  109.60357149,     -3.82769625,  138.97638582,  -67.67686557, -200.60964798,    101.07521906], [-1216.42265712, 1376.0191831 , -174.94740181,  116.26869767,    107.66498893,  112.96710548,  141.2124522 ,  -14.65307252,    144.62373014,   29.35650258,   57.5494268 ,   37.90499545,     67.22758976], [ -996.42012926, -174.94740181,  899.88016966,   81.97598847,    193.08148718,  122.3115015 ,  -52.71489744,  121.29694477,     62.89226872,   59.19685199,   40.56053609,  127.10507215,    -20.14357616], [ -378.62631947,  116.26869767,   81.97598847,  434.85536338,     39.94190115,  149.61500024,  -74.91045677,  139.92958651,     41.26177933,   66.46749411,   53.69261736,   91.28342522,     53.53905022], [ -296.02190861,  107.66498893,  193.08148718,   39.94190115,    236.77917685,    1.03305372,   33.05847748,   33.2217027 ,     77.91111946,   20.15784999,   23.85148478,   60.67808973,     25.49619057], [ -289.34614615,  112.96710548,  122.3115015 ,  149.61500024,      1.03305372,  332.03765978,   24.19691806,  137.91105116,     -6.0145315 ,  108.73624383,   65.94422225,   29.95817928,     48.57330846], [  709.17454982,  141.2124522 ,  -52.71489744,  -74.91045677,     33.05847748,   24.19691806,  306.60760205,   20.40388243,     70.50924024,   40.51632555,   50.71976655,    4.99633549,     36.98871704], [  109.60357149,  -14.65307252,  121.29694477,  139.92958651,     33.2217027 ,  137.91105116,   20.40388243,  203.92849201,     11.11414206,   82.1565638 ,   38.3365588 ,   52.84251192,     57.71601436], [   -3.82769625,  144.62373014,   62.89226872,   41.26177933,     77.91111946,   -6.0145315 ,   70.50924024,   11.11414206,    187.82456827,   16.750537  ,   21.6115187 ,   19.18171821,     -0.11455398], [  138.97638582,   29.35650258,   59.19685199,   66.46749411,     20.15784999,  108.73624383,   40.51632555,   82.1565638 ,     16.750537  ,  152.37852057,   47.29486722,   28.96760651,     49.69458819], [  -67.67686557,   57.5494268 ,   40.56053609,   53.69261736,     23.85148478,   65.94422225,   50.71976655,   38.3365588 ,     21.6115187 ,   47.29486722,  102.1840962 ,   32.34086829,     27.99285735], [ -200.60964798,   37.90499545,  127.10507215,   91.28342522,     60.67808973,   29.95817928,    4.99633549,   52.84251192,     19.18171821,   28.96760651,   32.34086829,  124.76723781,     36.06773518], [  101.07521906,   67.22758976,  -20.14357616,   53.53905022,     25.49619057,   48.57330846,   36.98871704,   57.71601436,     -0.11455398,   49.69458819,   27.99285735,   36.06773518,    126.13785587]]
music/New Pop/Sigrid - Strangers.mp3; [-580.3365   , 122.25808  ,  27.790146 ,  32.037292 ,   9.482435 ,    2.6972797,  10.500559 ,   5.8672743,   3.5148277,   8.839918 ,    1.0203402,   3.9671428,   1.9951233]; [[17095.19080798,-2975.57631459,-2335.94679807,  425.46450782,    545.36903998,  373.68749   ,  331.86151819,  395.08170207,    535.75173671,  390.02113686,  134.85349202,  229.52588635,    265.5474636 ], [-2975.57631459, 2458.1313058 ,  806.95791896,   95.58897045,     66.9548395 ,  101.14175805,  106.33172036,  -49.72814764,    -60.94435636,  -32.74950574,   14.2693372 ,  -17.31519862,    -68.27949921], [-2335.94679807,  806.95791896, 1609.70997837,  162.58817918,    148.02000796,  283.09471929,   39.63787727,   37.42529185,    -71.40504236,  -97.44966253,  101.21685626,   37.09549654,     -3.4578611 ], [  425.46450782,   95.58897045,  162.58817918,  440.26723137,    150.17179891,   67.00940668,   63.52944757,   77.30824354,     52.41646385,   23.90018228,   26.17400996,   32.65686117,     22.28523289], [  545.36903998,   66.9548395 ,  148.02000796,  150.17179891,    289.18965451,  123.95776659,   35.53134659,   74.05238718,     72.22795551,   10.75773194,   45.19091162,   36.06482022,     40.13096351], [  373.68749   ,  101.14175805,  283.09471929,   67.00940668,    123.95776659,  352.39729368,   63.19104414,   62.90721567,     66.21311628,   29.4301231 ,   79.57535833,   25.08219429,     30.63230159], [  331.86151819,  106.33172036,   39.63787727,   63.52944757,     35.53134659,   63.19104414,  209.29564127,   56.84760592,     34.87722428,   30.06506253,   15.00905966,   18.36891066,     -6.59274291], [  395.08170207,  -49.72814764,   37.42529185,   77.30824354,     74.05238718,   62.90721567,   56.84760592,  181.86588503,     77.5131062 ,   19.14050003,   11.88118052,   12.04558321,     32.25691831], [  535.75173671,  -60.94435636,  -71.40504236,   52.41646385,     72.22795551,   66.21311628,   34.87722428,   77.5131062 ,    161.09400436,   54.15818754,   23.51623741,   -3.90325464,     16.83303558], [  390.02113686,  -32.74950574,  -97.44966253,   23.90018228,     10.75773194,   29.4301231 ,   30.06506253,   19.14050003,     54.15818754,  130.7224362 ,   25.13700322,  -21.31747121,     -9.81467615], [  134.85349202,   14.2693372 ,  101.21685626,   26.17400996,     45.19091162,   79.57535833,   15.00905966,   11.88118052,     23.51623741,   25.13700322,   97.16939866,   28.13026353,      7.76827546], [  229.52588635,  -17.31519862,   37.09549654,   32.65686117,     36.06482022,   25.08219429,   18.36891066,   12.04558321,     -3.90325464,  -21.31747121,   28.13026353,   93.99249254,     35.05929654], [  265.5474636 ,  -68.27949921,   -3.4578611 ,   22.28523289,     40.13096351,   30.63230159,   -6.59274291,   32.25691831,     16.83303558,   -9.81467615,    7.76827546,   35.05929654,     93.70749494]]
music/New Pop/Trove Lo - Habits.mp3; [-573.3152    , 134.50888   ,   0.5953865 ,  16.59903   ,   9.275593  ,    8.888084  ,  16.426418  ,   7.7781863 ,  -0.41035742,   7.851494  ,   -0.3352811 ,   2.0384219 ,   2.2138035 ]; [[19232.35542659,-1529.91074042,-1211.7770775 ,  628.49788704,    133.60841487,   23.28358624,  -15.979914  ,  737.54211373,    222.67562656,  201.88942607,  346.15931652,  233.09273092,     70.26903854], [-1529.91074042, 2145.02166048,  345.03658941,  -11.99546958,     97.50325538,  131.05905262,  311.90870427,  -74.29596081,     38.24177664,  123.76325697,  -52.41122849,  -20.73535967,     36.65386355], [-1211.7770775 ,  345.03658941,  999.05046131,  150.19720239,    171.38332999,  124.48687909,   20.04303002,   66.57008398,      7.95898693,  -12.14723654,   20.7835013 ,  -17.78294849,    -12.14277336], [  628.49788704,  -11.99546958,  150.19720239,  424.10962317,    169.61891851,  -19.8705042 ,  -37.57105383,  101.05209659,     63.48227256,   -8.35237957,   24.77815762,   36.93225093,      1.81595214], [  133.60841487,   97.50325538,  171.38332999,  169.61891851,    278.73393989,    5.52884712,  -12.98784133,   81.20842752,     65.18707336,   38.48977258,   -1.07088078,   13.18042626,      6.36238153], [   23.28358624,  131.05905262,  124.48687909,  -19.8705042 ,      5.52884712,  291.98480807,   99.60657031,  -17.61961985,     -8.47749304,   33.88876331,   31.48473912,  -37.97495636,     -2.00474176], [  -15.979914  ,  311.90870427,   20.04303002,  -37.57105383,    -12.98784133,   99.60657031,  266.5902652 ,   13.95672733,    -25.42385685,   71.79516261,   19.99750102,   15.41413036,     34.7540973 ], [  737.54211373,  -74.29596081,   66.57008398,  101.05209659,     81.20842752,  -17.61961985,   13.95672733,  234.94651299,     56.32847783,   -1.77884612,   32.18953733,   23.56573824,      3.90166982], [  222.67562656,   38.24177664,    7.95898693,   63.48227256,     65.18707336,   -8.47749304,  -25.42385685,   56.32847783,    155.68580971,   25.84703532,  -10.79091392,  -12.09217265,      7.2163899 ], [  201.88942607,  123.76325697,  -12.14723654,   -8.35237957,     38.48977258,   33.88876331,   71.79516261,   -1.77884612,     25.84703532,  158.22632591,   19.91447987,   11.81237577,     36.6579295 ], [  346.15931652,  -52.41122849,   20.7835013 ,   24.77815762,     -1.07088078,   31.48473912,   19.99750102,   32.18953733,    -10.79091392,   19.91447987,  125.80025622,   30.29696344,     -2.45474669], [  233.09273092,  -20.73535967,  -17.78294849,   36.93225093,     13.18042626,  -37.97495636,   15.41413036,   23.56573824,    -12.09217265,   11.81237577,   30.29696344,  111.66167153,     33.62510424], [   70.26903854,   36.65386355,  -12.14277336,    1.81595214,      6.36238153,   -2.00474176,   34.7540973 ,    3.90166982,      7.2163899 ,   36.6579295 ,   -2.45474669,   33.62510424,     95.30067945]]
music/New Pop/Selena Gomez - Hands To Myself.mp3; [-628.13666   , 117.38364   ,   8.968038  ,  16.404682  ,  18.258656  ,    2.319213  ,  15.586247  ,   4.9497533 ,   3.5217214 ,  13.524364  ,   -4.1556506 ,   0.99986976,   3.324251  ]; [[18692.53182421,-2135.66437991, -329.76466264, -175.59081702,   -742.82664286,  -88.57432452,  573.76971676,   96.20334253,    180.35049042,  168.21538877, -107.49566398,  -55.43208599,     -5.71325888], [-2135.66437991, 2797.35147824, -513.80398667,  155.35763435,    307.3928204 ,   61.49579912,   82.42102171,   18.51367813,    117.63857733,   14.7815935 ,   82.07278233,   -1.08302941,    -18.39918073], [ -329.76466264, -513.80398667, 1570.36833485,  530.15426559,    305.37436574,  468.58233047,  147.4876728 ,  188.39505074,    127.74715014,   27.89003308,   84.37696231,   29.59593886,    -37.84285043], [ -175.59081702,  155.35763435,  530.15426559,  826.10777712,    278.89619705,  358.55374482,  187.73662023,  187.81722898,    236.25305098,   20.8823349 ,  119.7021699 ,   31.92836829,     14.46473445], [ -742.82664286,  307.3928204 ,  305.37436574,  278.89619705,    377.08204737,  177.97344915,   46.27408242,  103.69369194,    120.03526935,   31.35434137,   56.74593394,   31.02146948,     16.95293925], [  -88.57432452,   61.49579912,  468.58233047,  358.55374482,    177.97344915,  604.11244153,  178.17798595,  199.79808283,    222.70278823,   73.45383538,  152.12012467,   16.85827845,     16.19319874], [  573.76971676,   82.42102171,  147.4876728 ,  187.73662023,     46.27408242,  178.17798595,  306.20470773,   85.1503626 ,    102.52997863,   75.05490755,   41.67815831,   14.49734492,     -1.40520309], [   96.20334253,   18.51367813,  188.39505074,  187.81722898,    103.69369194,  199.79808283,   85.1503626 ,  299.92694246,    140.71797273,   64.29869472,  104.92548525,   36.5126736 ,     36.2177245 ], [  180.35049042,  117.63857733,  127.74715014,  236.25305098,    120.03526935,  222.70278823,  102.52997863,  140.71797273,    279.25557757,   47.10927781,  115.748997  ,   23.96673393,     33.14686652], [  168.21538877,   14.7815935 ,   27.89003308,   20.8823349 ,     31.35434137,   73.45383538,   75.05490755,   64.29869472,     47.10927781,  152.36854019,   28.56381846,   23.37941667,     21.09745126], [ -107.49566398,   82.07278233,   84.37696231,  119.7021699 ,     56.74593394,  152.12012467,   41.67815831,  104.92548525,    115.748997  ,   28.56381846,  190.46285785,   42.23626956,     31.00826054], [  -55.43208599,   -1.08302941,   29.59593886,   31.92836829,     31.02146948,   16.85827845,   14.49734492,   36.5126736 ,     23.96673393,   23.37941667,   42.23626956,  110.43281288,     34.56969192], [   -5.71325888,  -18.39918073,  -37.84285043,   14.46473445,     16.95293925,   16.19319874,   -1.40520309,   36.2177245 ,     33.14686652,   21.09745126,   31.00826054,   34.56969192,    106.16180707]]
music/New Pop/Camila Cabello - Havana.mp3; [-577.84485   , 140.60345   ,   6.126174  ,   6.3815513 ,  -7.162288  ,    0.952602  ,   8.659771  ,  -7.9619417 ,   2.7645464 ,   1.7619025 ,   -1.5360041 ,  -0.2175781 ,   0.43229342]; [[13755.9617838 ,-1032.49363722,  286.94837692,  879.49607028,    133.60582884,  180.95210328,  489.11008361,   70.06550797,    305.70985432,  271.50144206,  186.9438533 ,  190.72786363,    169.57627301], [-1032.49363722, 2832.95117869, -114.15891738,  133.41155991,    143.96383499,   93.98773516,  222.76612709,   91.06675112,    109.84823559,   59.83907035,   61.36235179,   13.8888505 ,     43.44817784], [  286.94837692, -114.15891738,  890.55001134,   71.92494501,    185.7831073 ,  167.93539527,   63.95159814,  182.49342295,     93.22913735,  100.43676136,   77.37193931,  105.60408094,     97.92502289], [  879.49607028,  133.41155991,   71.92494501,  620.86841747,    217.01828621,  126.89634085,  160.05150078,  143.90984179,    172.87046173,  117.08351198,   80.9151877 ,  111.9937928 ,     81.28014115], [  133.60582884,  143.96383499,  185.7831073 ,  217.01828621,    432.81883406,  139.42100812,  100.79524355,  193.70568767,    141.86388847,  128.45208699,   77.22909522,   82.32397499,     72.8447847 ], [  180.95210328,   93.98773516,  167.93539527,  126.89634085,    139.42100812,  345.26183963,  116.35478787,  137.7777755 ,    106.1939503 ,  100.10941813,  111.50209116,   40.20407902,     57.88485334], [  489.11008361,  222.76612709,   63.95159814,  160.05150078,    100.79524355,  116.35478787,  454.78807436,   13.63433254,    131.06621365,  121.12314175,   91.56488422,   65.53694126,     48.55411737], [   70.06550797,   91.06675112,  182.49342295,  143.90984179,    193.70568767,  137.7777755 ,   13.63433254,  342.55578112,     68.30457361,   58.13467384,   95.94935391,   90.08127458,     86.65000715], [  305.70985432,  109.84823559,   93.22913735,  172.87046173,    141.86388847,  106.1939503 ,  131.06621365,   68.30457361,    221.64405817,   82.90661286,   70.72944982,   47.43281672,     43.26063527], [  271.50144206,   59.83907035,  100.43676136,  117.08351198,    128.45208699,  100.10941813,  121.12314175,   58.13467384,     82.90661286,  197.49336901,   50.66002206,   54.77168772,     43.72150949], [  186.9438533 ,   61.36235179,   77.37193931,   80.9151877 ,     77.22909522,  111.50209116,   91.56488422,   95.94935391,     70.72944982,   50.66002206,  182.31532701,   53.35828611,     34.18818683], [  190.72786363,   13.8888505 ,  105.60408094,  111.9937928 ,     82.32397499,   40.20407902,   65.53694126,   90.08127458,     47.43281672,   54.77168772,   53.35828611,  144.6741586 ,     55.24834291], [  169.57627301,   43.44817784,   97.92502289,   81.28014115,     72.8447847 ,   57.88485334,   48.55411737,   86.65000715,     43.26063527,   43.72150949,   34.18818683,   55.24834291,    130.61609268]]
music/Old Pop/The Jackson 5 - I Want You Back.mp3; [-650.7057    , 118.94632   , -24.907059  ,  44.000126  ,  11.742912  ,    4.4590945 ,  -2.532573  ,   0.79913926,  -8.506832  ,  -5.9186    ,   -4.8524203 ,  -8.852732  ,  -3.140653  ]; [[14948.42713585, 1010.8542565 , -289.03916149,  762.16450401,   -246.73113326,  -20.61571358, -162.23609214,   -9.0813223 ,    -77.608012  ,  -24.62698247, -156.4219025 , -119.10813987,     88.43244186], [ 1010.8542565 , 2084.47131039, -175.1226053 ,  281.3584806 ,    222.49396111,  -25.07722972,   19.28009883,   22.89728718,    -66.91434413,  -17.21750433,   33.64668551,  -92.56955489,   -103.37166293], [ -289.03916149, -175.1226053 , 1067.49449487,   43.60619782,    -21.61406973,   75.79724136, -122.9799809 ,  -30.68125924,     15.29260886,   -8.26971892,   52.37721763,   -8.18156202,    -38.19379604], [  762.16450401,  281.3584806 ,   43.60619782,  320.44144086,     83.78162555,  -30.18715277,  -18.10595876,   23.86786314,      4.58101417,   11.74062646,   -5.92090979,   -0.25221416,      5.30832888], [ -246.73113326,  222.49396111,  -21.61406973,   83.78162555,    225.40584803,   36.59605124,   -1.38194306,   35.83198674,     15.17944631,    5.86549905,   22.47564499,  -16.15734041,     -5.74576717], [  -20.61571358,  -25.07722972,   75.79724136,  -30.18715277,     36.59605124,  184.82943282,   60.7224195 ,   -6.34444533,      7.65874651,   11.45636564,   15.47489132,   -4.39556735,     -0.82510587], [ -162.23609214,   19.28009883, -122.9799809 ,  -18.10595876,     -1.38194306,   60.7224195 ,  186.93990853,   21.6458797 ,    -10.64231593,   18.05297635,   -6.72635779,   25.17311118,     24.72958753], [   -9.0813223 ,   22.89728718,  -30.68125924,   23.86786314,     35.83198674,   -6.34444533,   21.6458797 ,  149.58610707,     39.73646395,   -8.70204843,   25.08346892,    7.42034887,     16.99401792], [  -77.608012  ,  -66.91434413,   15.29260886,    4.58101417,     15.17944631,    7.65874651,  -10.64231593,   39.73646395,    120.5759585 ,   40.68799706,    5.01779473,    2.80139511,      0.61037307], [  -24.62698247,  -17.21750433,   -8.26971892,   11.74062646,      5.86549905,   11.45636564,   18.05297635,   -8.70204843,     40.68799706,  109.85972569,   26.02318286,    1.16608616,     -8.85933095], [ -156.4219025 ,   33.64668551,   52.37721763,   -5.92090979,     22.47564499,   15.47489132,   -6.72635779,   25.08346892,      5.01779473,   26.02318286,  125.05694521,   12.49452862,     -8.90483599], [ -119.10813987,  -92.56955489,   -8.18156202,   -0.25221416,    -16.15734041,   -4.39556735,   25.17311118,    7.42034887,      2.80139511,    1.16608616,   12.49452862,  110.82776852,     46.13336732], [   88.43244186, -103.37166293,  -38.19379604,    5.30832888,     -5.74576717,   -0.82510587,   24.72958753,   16.99401792,      0.61037307,   -8.85933095,   -8.90483599,   46.13336732,    114.03520561]]
