music/BACK1.mp3; [-650.7057    , 118.94632   , -24.907059  ,  44.000126  ,  11.742912  ,    4.4590945 ,  -2.532573  ,   0.79913926,  -8.506832  ,  -5.9186    ,   -4.8524203 ,  -8.852732  ,  -3.140653  ]; [[14948.42713585, 1010.8542565 , -289.03916149,  762.16450401,   -246.73113326,  -20.61571358, -162.23609214,   -9.0813223 ,    -77.608012  ,  -24.62698247, -156.4219025 , -119.10813987,     88.43244186], [ 1010.8542565 , 2084.47131039, -175.1226053 ,  281.3584806 ,    222.49396111,  -25.07722972,   19.28009883,   22.89728718,    -66.91434413,  -17.21750433,   33.64668551,  -92.56955489,   -103.37166293], [ -289.03916149, -175.1226053 , 1067.49449487,   43.60619782,    -21.61406973,   75.79724136, -122.9799809 ,  -30.68125924,     15.29260886,   -8.26971892,   52.37721763,   -8.18156202,    -38.19379604], [  762.16450401,  281.3584806 ,   43.60619782,  320.44144086,     83.78162555,  -30.18715277,  -18.10595876,   23.86786314,      4.58101417,   11.74062646,   -5.92090979,   -0.25221416,      5.30832888], [ -246.73113326,  222.49396111,  -21.61406973,   83.78162555,    225.40584803,   36.59605124,   -1.38194306,   35.83198674,     15.17944631,    5.86549905,   22.47564499,  -16.15734041,     -5.74576717], [  -20.61571358,  -25.07722972,   75.79724136,  -30.18715277,     36.59605124,  184.82943282,   60.7224195 ,   -6.34444533,      7.65874651,   11.45636564,   15.47489132,   -4.39556735,     -0.82510587], [ -162.23609214,   19.28009883, -122.9799809 ,  -18.10595876,     -1.38194306,   60.7224195 ,  186.93990853,   21.6458797 ,    -10.64231593,   18.05297635,   -6.72635779,   25.17311118,     24.72958753], [   -9.0813223 ,   22.89728718,  -30.68125924,   23.86786314,     35.83198674,   -6.34444533,   21.6458797 ,  149.58610707,     39.73646395,   -8.70204843,   25.08346892,    7.42034887,     16.99401792], [  -77.608012  ,  -66.91434413,   15.29260886,    4.58101417,     15.17944631,    7.65874651,  -10.64231593,   39.73646395,    120.5759585 ,   40.68799706,    5.01779473,    2.80139511,      0.61037307], [  -24.62698247,  -17.21750433,   -8.26971892,   11.74062646,      5.86549905,   11.45636564,   18.05297635,   -8.70204843,     40.68799706,  109.85972569,   26.02318286,    1.16608616,     -8.85933095], [ -156.4219025 ,   33.64668551,   52.37721763,   -5.92090979,     22.47564499,   15.47489132,   -6.72635779,   25.08346892,      5.01779473,   26.02318286,  125.05694521,   12.49452862,     -8.90483599], [ -119.10813987,  -92.56955489,   -8.18156202,   -0.25221416,    -16.15734041,   -4.39556735,   25.17311118,    7.42034887,      2.80139511,    1.16608616,   12.49452862,  110.82776852,     46.13336732], [   88.43244186, -103.37166293,  -38.19379604,    5.30832888,     -5.74576717,   -0.82510587,   24.72958753,   16.99401792,      0.61037307,   -8.85933095,   -8.90483599,   46.13336732,    114.03520561]]
music/CHANDELIER2.mp3; [-553.3581    , 106.45909   , -13.720328  ,   9.235896  ,  -5.986038  ,    0.15397601,   2.7764354 ,  -3.7603166 ,   4.052731  ,   4.1129746 ,    1.9397718 ,   3.0548472 ,   1.916906  ]; [[14143.57639615,  260.91741148, 1733.98064102, 1686.76490973,   1099.76272135, 1441.60692707,  797.98465453,  975.93952912,    400.48873166,  389.08008463,  -12.47238021,  -30.51364506,     96.00749154], [  260.91741148, 1442.98363909, -411.31255867,  224.50236711,    115.62374908,   44.4098835 ,  182.66308947,   27.24346938,     63.73433371,   41.43278621,   39.76613604,   39.14406219,     16.86787095], [ 1733.98064102, -411.31255867, 1189.0554191 ,  470.54634319,    429.66400016,  501.35281648,  150.19598478,  283.89244931,    134.69588556,  141.68557057,   67.26773412,   24.3601487 ,     25.3443748 ], [ 1686.76490973,  224.50236711,  470.54634319,  638.44934278,    332.45830421,  370.03804026,  202.66277162,  207.16770936,    131.16647484,  113.59184394,   37.39498874,   35.81598568,     13.6690811 ], [ 1099.76272135,  115.62374908,  429.66400016,  332.45830421,    384.52435297,  285.22061705,  171.31624347,  191.54366143,    109.71546689,  104.67081139,   44.2441163 ,   29.47730972,     47.6824541 ], [ 1441.60692707,   44.4098835 ,  501.35281648,  370.03804026,    285.22061705,  455.67224412,  173.18711209,  258.30486566,     76.25235318,  101.48979811,   41.16676629,   11.0369949 ,     67.19932877], [  797.98465453,  182.66308947,  150.19598478,  202.66277162,    171.31624347,  173.18711209,  272.01130126,  115.63556821,     72.30526435,   59.25870359,   18.38197902,   36.09236389,     28.02236941], [  975.93952912,   27.24346938,  283.89244931,  207.16770936,    191.54366143,  258.30486566,  115.63556821,  275.81511471,     67.67106752,   90.94057846,   29.40722276,    3.00663188,     72.93195518], [  400.48873166,   63.73433371,  134.69588556,  131.16647484,    109.71546689,   76.25235318,   72.30526435,   67.67106752,    153.97442629,   74.15707218,   40.71050693,   22.3731118 ,     -1.36013228], [  389.08008463,   41.43278621,  141.68557057,  113.59184394,    104.67081139,  101.48979811,   59.25870359,   90.94057846,     74.15707218,  141.15789878,   57.54474007,   24.77385683,     23.66078627], [  -12.47238021,   39.76613604,   67.26773412,   37.39498874,     44.2441163 ,   41.16676629,   18.38197902,   29.40722276,     40.71050693,   57.54474007,  110.96355029,   41.4824556 ,     23.8431818 ], [  -30.51364506,   39.14406219,   24.3601487 ,   35.81598568,     29.47730972,   11.0369949 ,   36.09236389,    3.00663188,     22.3731118 ,   24.77385683,   41.4824556 ,  100.74769993,     34.35430814], [   96.00749154,   16.86787095,   25.3443748 ,   13.6690811 ,     47.6824541 ,   67.19932877,   28.02236941,   72.93195518,     -1.36013228,   23.66078627,   23.8431818 ,   34.35430814,    128.02439943]]
music/AFRICA2.mp3; [-509.18478  , 130.02956  ,  -9.95686  ,  16.150164 ,   7.319796 ,    4.6458488,   6.468344 ,  15.398269 ,   7.53721  ,   3.1104257,    5.450048 ,   6.2085752,  -3.612411 ]; [[8974.75446188, 948.29479334,  41.67701771,  92.07615869, 159.90631859,   186.40084546, 132.9786878 , 266.51649508,  98.94494216,  60.86979329,    97.63633009,  53.93039128,  -8.09958157], [ 948.29479334, 861.22641483,-266.99022748, 117.63855673, -37.91839761,   -45.8562509 ,  25.95321287,   5.55850348,  26.29685904,  13.67186481,    15.54097758,  56.21904918,  -5.9731131 ], [  41.67701771,-266.99022748, 382.814295  , -42.8964346 ,  41.59528227,   -22.0037688 , -38.2638291 ,   2.65715714, -38.8901535 ,  -9.41568097,     1.69358807,  -0.43643638,  14.06399573], [  92.07615869, 117.63855673, -42.8964346 , 248.29443006,  28.57568528,    16.93039525, -32.06915239,  -3.39865977,  33.34300807,  -6.14641311,    18.53750942,  21.51722765,  18.95130601], [ 159.90631859, -37.91839761,  41.59528227,  28.57568528, 151.39320747,    11.6236769 ,  19.00611243,   7.86795189,  15.98330525,  20.50737508,     4.25112398,   3.4711764 ,  10.12935662], [ 186.40084546, -45.8562509 , -22.0037688 ,  16.93039525,  11.6236769 ,   126.98039977,  50.75515163,  41.75502251,  11.29179625,   9.18772995,    13.62663072,  -6.15781744,  -7.43835287], [ 132.9786878 ,  25.95321287, -38.2638291 , -32.06915239,  19.00611243,    50.75515163, 140.8358607 ,  76.14883677,  20.97720644,   5.60740905,     0.1130253 ,   0.85882554, -13.52871752], [ 266.51649508,   5.55850348,   2.65715714,  -3.39865977,   7.86795189,    41.75502251,  76.14883677, 117.69620466,  43.95689995,  21.93772598,     6.96980498,   6.34823641,  -4.47111644], [  98.94494216,  26.29685904, -38.8901535 ,  33.34300807,  15.98330525,    11.29179625,  20.97720644,  43.95689995,  82.66455869,  32.82122769,    18.69719435,   7.1950704 ,   4.22480128], [  60.86979329,  13.67186481,  -9.41568097,  -6.14641311,  20.50737508,     9.18772995,   5.60740905,  21.93772598,  32.82122769,  71.19262451,    34.69471455,  14.77046323,  -3.80336993], [  97.63633009,  15.54097758,   1.69358807,  18.53750942,   4.25112398,    13.62663072,   0.1130253 ,   6.96980498,  18.69719435,  34.69471455,    64.42319716,  29.84559979,   7.78880269], [  53.93039128,  56.21904918,  -0.43643638,  21.51722765,   3.4711764 ,    -6.15781744,   0.85882554,   6.34823641,   7.1950704 ,  14.77046323,    29.84559979,  58.28173556,  22.09818198], [  -8.09958157,  -5.9731131 ,  14.06399573,  18.95130601,  10.12935662,    -7.43835287, -13.52871752,  -4.47111644,   4.22480128,  -3.80336993,     7.78880269,  22.09818198,  50.33517675]]
music/TNT1.mp3; [-564.82904   , 129.21623   , -18.14301   ,  35.378418  ,  14.537403  ,   -0.21364179,  -6.826529  ,   9.045194  ,   4.3837605 ,   2.1652339 ,   -1.255286  ,   1.3803196 ,  -2.443192  ]; [[12308.80528468,-2006.95066839,-1251.48842879, -191.53973117,   -263.16420273,  -65.39904215,  -46.57520166,  356.95476253,    -59.24654028,  174.10924061,   70.13824908,  -50.44336252,    -56.03219506], [-2006.95066839, 2728.85667817, -329.5448531 ,  285.92067614,    -55.73725066, -206.29078519,   70.01124244, -146.2779023 ,    -10.27120781,   -0.53883699, -120.61280057,  -24.79241821,    -38.06756591], [-1251.48842879, -329.5448531 , 1989.53473364,  116.00113167,    144.54518901,  234.57464732,  123.7471181 ,  -16.87874662,     27.96868307,    0.86295605,    9.56012446,   56.21162106,     49.90804406], [ -191.53973117,  285.92067614,  116.00113167,  529.44534382,    -39.5595145 ,  -31.66779848,   31.73720217, -103.43549487,     62.73433854,   29.96286274,  -61.44683975,   24.41005758,    -21.89383119], [ -263.16420273,  -55.73725066,  144.54518901,  -39.5595145 ,    339.38389304,   76.45916138,  -27.61320997,   75.13000893,     25.2397659 ,    5.79093807,   26.63342026,    6.02729901,     23.21821736], [  -65.39904215, -206.29078519,  234.57464732,  -31.66779848,     76.45916138,  273.36581124,   71.24174357,   53.9903617 ,     20.60833368,  -20.72620236,   60.36181548,   11.69744582,     19.90692788], [  -46.57520166,   70.01124244,  123.7471181 ,   31.73720217,    -27.61320997,   71.24174357,  260.34026788,   44.28750487,    -25.16703231,   32.71928443,   -5.23145294,   20.048126  ,      7.57723195], [  356.95476253, -146.2779023 ,  -16.87874662, -103.43549487,     75.13000893,   53.9903617 ,   44.28750487,  205.02180919,     -5.93316303,   10.53613217,   62.061645  ,   -7.84797342,     32.62543003], [  -59.24654028,  -10.27120781,   27.96868307,   62.73433854,     25.2397659 ,   20.60833368,  -25.16703231,   -5.93316303,    145.77202144,   25.5694147 ,  -16.0626768 ,   21.99414494,      0.33091527], [  174.10924061,   -0.53883699,    0.86295605,   29.96286274,      5.79093807,  -20.72620236,   32.71928443,   10.53613217,     25.5694147 ,  119.66684057,   -1.59781656,    6.91803446,      4.78428749], [   70.13824908, -120.61280057,    9.56012446,  -61.44683975,     26.63342026,   60.36181548,   -5.23145294,   62.061645  ,    -16.0626768 ,   -1.59781656,  134.40504775,   12.84463307,     10.96799608], [  -50.44336252,  -24.79241821,   56.21162106,   24.41005758,      6.02729901,   11.69744582,   20.048126  ,   -7.84797342,     21.99414494,    6.91803446,   12.84463307,   83.89597442,     23.6385981 ], [  -56.03219506,  -38.06756591,   49.90804406,  -21.89383119,     23.21821736,   19.90692788,    7.57723195,   32.62543003,      0.33091527,    4.78428749,   10.96799608,   23.6385981 ,     84.80684566]]
