music/BACK1.mp3; [-650.7057    , 118.94632   , -24.907059  ,  44.000126  ,  11.742912  ,    4.4590945 ,  -2.532573  ,   0.79913926,  -8.506832  ,  -5.9186    ,   -4.8524203 ,  -8.852732  ,  -3.140653  ]; [[14948.42713585, 1010.8542565 , -289.03916149,  762.16450401,   -246.73113326,  -20.61571358, -162.23609214,   -9.0813223 ,    -77.608012  ,  -24.62698247, -156.4219025 , -119.10813987,     88.43244186], [ 1010.8542565 , 2084.47131039, -175.1226053 ,  281.3584806 ,    222.49396111,  -25.07722972,   19.28009883,   22.89728718,    -66.91434413,  -17.21750433,   33.64668551,  -92.56955489,   -103.37166293], [ -289.03916149, -175.1226053 , 1067.49449487,   43.60619782,    -21.61406973,   75.79724136, -122.9799809 ,  -30.68125924,     15.29260886,   -8.26971892,   52.37721763,   -8.18156202,    -38.19379604], [  762.16450401,  281.3584806 ,   43.60619782,  320.44144086,     83.78162555,  -30.18715277,  -18.10595876,   23.86786314,      4.58101417,   11.74062646,   -5.92090979,   -0.25221416,      5.30832888], [ -246.73113326,  222.49396111,  -21.61406973,   83.78162555,    225.40584803,   36.59605124,   -1.38194306,   35.83198674,     15.17944631,    5.86549905,   22.47564499,  -16.15734041,     -5.74576717], [  -20.61571358,  -25.07722972,   75.79724136,  -30.18715277,     36.59605124,  184.82943282,   60.7224195 ,   -6.34444533,      7.65874651,   11.45636564,   15.47489132,   -4.39556735,     -0.82510587], [ -162.23609214,   19.28009883, -122.9799809 ,  -18.10595876,     -1.38194306,   60.7224195 ,  186.93990853,   21.6458797 ,    -10.64231593,   18.05297635,   -6.72635779,   25.17311118,     24.72958753], [   -9.0813223 ,   22.89728718,  -30.68125924,   23.86786314,     35.83198674,   -6.34444533,   21.6458797 ,  149.58610707,     39.73646395,   -8.70204843,   25.08346892,    7.42034887,     16.99401792], [  -77.608012  ,  -66.91434413,   15.29260886,    4.58101417,     15.17944631,    7.65874651,  -10.64231593,   39.73646395,    120.5759585 ,   40.68799706,    5.01779473,    2.80139511,      0.61037307], [  -24.62698247,  -17.21750433,   -8.26971892,   11.74062646,      5.86549905,   11.45636564,   18.05297635,   -8.70204843,     40.68799706,  109.85972569,   26.02318286,    1.16608616,     -8.85933095], [ -156.4219025 ,   33.64668551,   52.37721763,   -5.92090979,     22.47564499,   15.47489132,   -6.72635779,   25.08346892,      5.01779473,   26.02318286,  125.05694521,   12.49452862,     -8.90483599], [ -119.10813987,  -92.56955489,   -8.18156202,   -0.25221416,    -16.15734041,   -4.39556735,   25.17311118,    7.42034887,      2.80139511,    1.16608616,   12.49452862,  110.82776852,     46.13336732], [   88.43244186, -103.37166293,  -38.19379604,    5.30832888,     -5.74576717,   -0.82510587,   24.72958753,   16.99401792,      0.61037307,   -8.85933095,   -8.90483599,   46.13336732,    114.03520561]]
music/CHANDELIER2.mp3; [-553.3581    , 106.45909   , -13.720328  ,   9.235896  ,  -5.986038  ,    0.15397601,   2.7764354 ,  -3.7603166 ,   4.052731  ,   4.1129746 ,    1.9397718 ,   3.0548472 ,   1.916906  ]; [[14143.57639615,  260.91741148, 1733.98064102, 1686.76490973,   1099.76272135, 1441.60692707,  797.98465453,  975.93952912,    400.48873166,  389.08008463,  -12.47238021,  -30.51364506,     96.00749154], [  260.91741148, 1442.98363909, -411.31255867,  224.50236711,    115.62374908,   44.4098835 ,  182.66308947,   27.24346938,     63.73433371,   41.43278621,   39.76613604,   39.14406219,     16.86787095], [ 1733.98064102, -411.31255867, 1189.0554191 ,  470.54634319,    429.66400016,  501.35281648,  150.19598478,  283.89244931,    134.69588556,  141.68557057,   67.26773412,   24.3601487 ,     25.3443748 ], [ 1686.76490973,  224.50236711,  470.54634319,  638.44934278,    332.45830421,  370.03804026,  202.66277162,  207.16770936,    131.16647484,  113.59184394,   37.39498874,   35.81598568,     13.6690811 ], [ 1099.76272135,  115.62374908,  429.66400016,  332.45830421,    384.52435297,  285.22061705,  171.31624347,  191.54366143,    109.71546689,  104.67081139,   44.2441163 ,   29.47730972,     47.6824541 ], [ 1441.6