music/Hip Hop English/Logic - Ballin.mp3; [-572.9408   ,  88.38378  ,   2.8928397,  -6.647357 ,   1.8124237,   11.39034  ,   2.572223 ,  16.65162  ,   1.2304772,   2.2602057,    6.1809072,  -0.2374861,   1.0210088]; [[10508.25624433, -173.24721844, 1112.26812684,   89.06032996,    301.72997274,    5.48305035,  -34.48593715,  243.30076372,     70.20057996,  153.65240366,   58.74808491,  -19.13330268,    192.18891896], [ -173.24721844, 1330.63221862,  366.60241403,  278.57037977,    193.07847091,  132.73473454,  164.74651527,  128.34618677,     40.62052068,   75.05705917,   77.39470122,   45.34349532,     43.33239532], [ 1112.26812684,  366.60241403, 1559.28521527,  519.77087994,    616.0727104 ,  403.4764364 ,  208.0626924 ,  307.75489648,    123.90717221,  208.56905939,  110.3941912 ,   86.53843174,    156.40332561], [   89.06032996,  278.57037977,  519.77087994,  679.14708181,    396.46019208,  291.97660464,  168.96321235,  142.35024629,     97.27797694,  138.09053084,   35.92326858,   92.50543591,     70.39021284], [  301.72997274,  193.07847091,  616.0727104 ,  396.46019208,    519.58617044,  234.30888024,  126.88592801,  167.11931054,     93.76580697,  170.83666593,   59.76229733,   67.66002732,     79.89759699], [    5.48305035,  132.73473454,  403.4764364 ,  291.97660464,    234.30888024,  387.89943927,  209.03159446,  208.67857344,    105.54607986,  105.50303194,   61.66374256,   48.91954212,     52.74794049], [  -34.48593715,  164.74651527,  208.0626924 ,  168.96321235,    126.88592801,  209.03159446,  306.24225417,  164.14109038,     87.54100855,   75.91207489,   56.96520003,   43.40705985,     39.84369588], [  243.30076372,  128.34618677,  307.75489648,  142.35024629,    167.11931054,  208.67857344,  164.14109038,  273.52042557,    103.11477525,  101.90688228,   58.04672477,   37.54575075,     62.77457944], [   70.20057996,   40.62052068,  123.90717221,   97.27797694,     93.76580697,  105.54607986,   87.54100855,  103.11477525,    139.52035859,   69.94061735,   50.39691209,   18.81960225,     29.38738023], [  153.65240366,   75.05705917,  208.56905939,  138.09053084,    170.83666593,  105.50303194,   75.91207489,  101.90688228,     69.94061735,  173.71395477,   68.64302163,   45.26077136,     28.63859679], [   58.74808491,   77.39470122,  110.3941912 ,   35.92326858,     59.76229733,   61.66374256,   56.96520003,   58.04672477,     50.39691209,   68.64302163,  103.02297021,   31.49245932,     28.78657122], [  -19.13330268,   45.34349532,   86.53843174,   92.50543591,     67.66002732,   48.91954212,   43.40705985,   37.54575075,     18.81960225,   45.26077136,   31.49245932,   96.0610757 ,     39.23788643], [  192.18891896,   43.33239532,  156.40332561,   70.39021284,     79.89759699,   52.74794049,   39.84369588,   62.77457944,     29.38738023,   28.63859679,   28.78657122,   39.23788643,    103.55636918]]
music/Hip Hop English/Dr Dre - Still DRE [feat Snoop D.ogg].mp3; [-572.9944    , 117.68486   ,   4.0048537 ,   1.4220794 ,  -8.731899  ,   -0.2772711 ,   0.99685615,  15.057879  ,   9.067218  ,   8.440699  ,   -0.15561657,  -4.5229664 ,   0.76698124]; [[ 7541.32154266,-1864.73976449, 1230.90971025,  853.49791468,    595.41733732,  364.73703604, -130.22697858, -261.61422897,   -435.7508857 , -290.44025582,   46.05943444,  308.72784739,    174.83540741], [-1864.73976449, 2763.02555783, -170.46192143,  557.12990204,    436.41902268,  153.95276762,  168.71564666,  178.24786499,     37.33810459,   51.3483131 ,   25.87642559,   42.32682376,    100.65426679], [ 1230.90971025, -170.46192143, 1214.79448005,  518.14893942,    449.64985429,  361.18078   ,  176.87181991,   60.62312974,     26.97764264,  -46.82021848,  -19.18414408,   60.43621572,     70.71208726], [  853.49791468,  557.12990204,  518.14893942,  858.15885893,    455.29796676,  301.9892545 ,  155.57638666,  120.30195621,     51.52103204,   10.89847802,   -1.20840273,   76.91623702,     75.77592086], [  595.41733732,  436.41902268,  449.64985429,  455.29796676,    495.17211767,  250.67124395,  131.52946625,   70.5970607 ,     49.89998682,   34.20008695,   31.9769903 ,   73.98529532,     76.02083316], [  364.73703604,  153.95276762,  361.18078   ,  301.9892545 ,    250.67124395,  370.61953922,  247.56300425,  123.17719973,    125.64982171,  109.56762847,   71.13994386,   72.01387806,     59.5029911 ], [ -130.22697858,  168.71564666,  176.87181991,  155.57638666,    131.52946625,  247.56300425,  338.05801138,  160.37377323,    162.33727656,  135.119491  ,   88.44758923,   69.1444961 ,     47.99621972], [ -261.61422897,  178.24786499,   60.62312974,  120.30195621,     70.5970607 ,  123.17719973,  160.37377323,  219.74448362,    142.86262126,   94.09036386,   51.38495721,   29.58104783,     29.53443735], [ -435.7508857 ,   37.33810459,   26.97764264,   51.52103204,     49.89998682,  125.64982171,  162.33727656,  142.86262126,    251.55047963,  148.32624699,   48.98050875,   16.45065045,     10.00223845], [ -290.44025582,   51.3483131 ,  -46.82021848,   10.89847802,     34.20008695,  109.56762847,  135.119491  ,   94.09036386,    148.32624699,  185.95642956,   87.19869427,   40.1812659 ,     25.83801902], [   46.05943444,   25.87642559,  -19.18414408,   -1.20840273,     31.9769903 ,   71.13994386,   88.44758923,   51.38495721,     48.98050875,   87.19869427,  138.92513785,   73.6758414 ,     40.40328844], [  308.72784739,   42.32682376,   60.43621572,   76.91623702,     73.98529532,   72.01387806,   69.1444961 ,   29.58104783,     16.45065045,   40.1812659 ,   73.6758414 ,  124.65315202,     63.79269368], [  174.83540741,  100.65426679,   70.71208726,   75.77592086,     76.02083316,   59.5029911 ,   47.99621972,   29.53443735,     10.00223845,   25.83801902,   40.40328844,   63.79269368,    111.29529372]]
music/Hip Hop English/Coolio - Gangsta's Paradise.mp3; [-555.4478    ,  95.813614  ,  27.051374  ,  15.339051  ,   3.1763537 ,    3.6262465 ,   7.8272395 ,  10.94313   ,   6.1360083 ,  -3.5681643 ,    2.8357346 ,   3.2808561 ,   0.22574094]; [[6630.07655125, 263.65381361,-276.05791761,-196.09823946, 154.65086405,   141.46467674,  58.42318832,  43.58162261, 150.11517976,  67.68811935,    81.67000072,  43.38904523, -18.40835143], [ 263.65381361, 880.90452101,-126.23243471, -34.53909087, -60.29746124,    -7.3682402 ,  35.49823403, 109.20174811,  15.65478766, -41.36610068,    62.133376  ,  43.23381238,  -3.75599473], [-276.05791761,-126.23243471, 930.56242924, 340.8523171 , 318.18646699,   140.0582129 ,  46.95167803, -21.81807805,  67.76064091,  82.32364466,   -28.79045106,  33.2855459 ,  89.45394588], [-196.09823946, -34.53909087, 340.8523171 , 469.80281706, 285.30144075,    99.44780252, -42.87803277, -40.00987812,  63.25200159,  55.83344785,   -13.88588156,  -9.79061925,  40.44832444], [ 154.65086405, -60.29746124, 318.18646699, 285.30144075, 482.24798033,   173.70530458, -83.06808136, -51.90763404,  92.58575403,  97.90019027,    35.30419302,  19.54312161,  44.01835999], [ 141.46467674,  -7.3682402 , 140.0582129 ,  99.44780252, 173.70530458,   202.35066583,  23.78382835,  -7.1030279 ,  56.84772707,  43.2871587 ,    24.3856901 ,   8.13468155,  18.86041469], [  58.42318832,  35.49823403,  46.95167803, -42.87803277, -83.06808136,    23.78382835, 213.79494746,  73.71335828,  -1.9400867 , -18.93797374,   -21.07941444,  15.39526931,  -1.94796405], [  43.58162261, 109.20174811, -21.81807805, -40.00987812, -51.90763404,    -7.1030279 ,  73.71335828, 132.98854233,  36.28717775, -25.30112163,     6.09495248,  15.19757733,   5.66547436], [ 150.11517976,  15.65478766,  67.76064091,  63.25200159,  92.58575403,    56.84772707,  -1.9400867 ,  36.28717775, 125.4782122 ,  41.13662599,     4.90905854,  10.73499883,  10.94952612], [  67.68811935, -41.36610068,  82.32364466,  55.83344785,  97.90019027,    43.2871587 , -18.93797374, -25.30112163,  41.13662599, 109.07170083,    39.6198092 ,  -3.94923603,   5.85279891], [  81.67000072,  62.133376  , -28.79045106, -13.88588156,  35.30419302,    24.3856901 , -21.07941444,   6.09495248,   4.90905854,  39.6198092 ,   120.12180358,  44.0098438 , -17.66762821], [  43.38904523,  43.23381238,  33.2855459 ,  -9.79061925,  19.54312161,     8.13468155,  15.39526931,  15.19757733,  10.73499883,  -3.94923603,    44.0098438 ,  85.67727717,  16.13564754], [ -18.40835143,  -3.75599473,  89.45394588,  40.44832444,  44.01835999,    18.86041469,  -1.94796405,   5.66547436,  10.94952612,   5.85279891,   -17.66762821,  16.13564754,  90.76445917]]
music/Small Cover Song Library/Dark Tranquillity - Punish My Heaven (Live in Milan 2008).mp3; [-503.73306   ,  99.14531   , -28.378506  ,  38.327827  ,   7.8729615 ,   14.716998  ,  -1.1545253 ,   4.1171594 ,   7.388111  ,   0.39765078,   -0.5742634 ,   5.6190147 ,  -3.768053  ]; [[2122.82407936,  25.11596732, 577.12471356, 362.94772666, 238.33525333,   233.7422769 , 242.54329379,  62.6943699 ,  61.02792932,  12.15062071,   -10.4628919 ,  58.87780566,  26.48895455], [  25.11596732, 351.48972891,  -7.28172005, 199.46357669,   5.98442771,    85.10084968,  41.70883753,  24.8531386 ,   7.09402798, -16.10247982,     6.80023624,  20.09769495,   7.49680717], [ 577.12471356,  -7.28172005, 363.20896211, 160.14895403, 169.31642986,    71.68635727, 108.53795284,  48.93975597,  30.6506364 ,  33.65743155,    10.43044705,  36.04173099,  28.90617077], [ 362.94772666, 199.46357669, 160.14895403, 573.73657451, 136.00262721,   144.82181643, -11.59961734,  -6.23415383,  23.33346305, -16.04015046,    -1.81478156,  21.59022048,   7.38577027], [ 238.33525333,   5.98442771, 169.31642986, 136.00262721, 196.72269999,    76.86990392,  54.27732841,   8.88736006,  36.57710871,  30.37190904,    11.46339587,  16.76698273,  15.80677431], [ 233.7422769 ,  85.10084968,  71.68635727, 144.82181643,  76.86990392,   141.57512072,  73.14579243,  22.51657518,  19.55804336,   0.73073621,     6.54519903,  18.35554694,   6.03827087], [ 242.54329379,  41.70883753, 108.53795284, -11.59961734,  54.27732841,    73.14579243, 165.30605001,  73.60256596,  16.00403687,   8.56562602,    12.23516564,  25.12208438,  12.9858267 ], [  62.6943699 ,  24.8531386 ,  48.93975597,  -6.23415383,   8.88736006,    22.51657518,  73.60256596, 102.16736524,  26.69932083,  27.24709385,    13.34154591,  17.74448242,  17.06265802], [  61.02792932,   7.09402798,  30.6506364 ,  23.33346305,  36.57710871,    19.55804336,  16.00403687,  26.69932083,  77.64923756,  34.95938301,    16.18959156,   8.08621078,   8.99733779], [  12.15062071, -16.10247982,  33.65743155, -16.04015046,  30.37190904,     0.73073621,   8.56562602,  27.24709385,  34.95938301,  75.85798628,    35.60906498,  10.46614634,  10.37957366], [ -10.4628919 ,   6.80023624,  10.43044705,  -1.81478156,  11.46339587,     6.54519903,  12.23516564,  13.34154591,  16.18959156,  35.60906498,    58.0807949 ,  27.83983959,  10.94696228], [  58.87780566,  20.09769495,  36.04173099,  21.59022048,  16.76698273,    18.35554694,  25.12208438,  17.74448242,   8.08621078,  10.46614634,    27.83983959,  53.02789048,  26.91620071], [  26.48895455,   7.49680717,  28.90617077,   7.38577027,  15.80677431,     6.03827087,  12.9858267 ,  17.06265802,   8.99733779,  10.37957366,    10.94696228,  26.91620071,  50.39015871]]
music/Small Cover Song Library/Fuer Elise 1.mp3; [-991.82916   , 152.90236   ,  52.80322   ,  -4.760282  , -16.141863  ,  -15.897314  , -15.946361  , -13.473132  ,  -7.1293325 ,   0.45636272,    4.9179635 ,   3.5351715 ,  -3.4594622 ]; [[2936.34136757,2246.47350108,-471.22860356,-827.77991248,-192.08833385,  -111.40895616,-216.1472959 ,-199.27696437,-170.99022724,-173.52953751,  -163.88109959,-119.2778297 ,-111.01516118], [2246.47350108,1912.50056947, -24.588084  ,-504.38008853,-176.36089348,   -99.66258245,-183.18746443,-203.55743984,-203.73734583,-214.65349629,  -194.56789491,-135.37985144, -96.14851518], [-471.22860356, -24.588084  , 718.20258562, 473.8729687 ,  32.30458913,   -18.82822602,   4.45832456, -52.51389348,-112.74916666,-138.79574231,  -122.15468985, -78.08391803,  -5.9603959 ], [-827.77991248,-504.38008853, 473.8729687 , 573.66441483, 190.88267032,    26.42675085,  45.23267268,  29.88263574, -31.3366253 , -74.16435985,   -77.28542464, -49.94281812,  15.51252536], [-192.08833385,-176.36089348,  32.30458913, 190.88267032, 191.53592152,    90.36093062,  27.65904126,  23.30227611,   0.07413464, -44.76499759,   -62.1221622 , -42.81910076,   0.90662671], [-111.40895616, -99.66258245, -18.82822602,  26.42675085,  90.36093062,   123.76922416,  77.53098504,  29.10961903,  13.38386397,  -9.21788954,   -31.9925996 , -28.78971967, -11.0916322 ], [-216.1472959 ,-183.18746443,   4.45832456,  45.23267268,  27.65904126,    77.53098504, 120.47085726,  92.99543102,  54.21814719,  34.57669554,    13.85853891,  -5.85681843, -17.87824088], [-199.27696437,-203.55743984, -52.51389348,  29.88263574,  23.30227611,    29.10961903,  92.99543102, 138.0943586 , 116.80922409,  75.62174714,    44.02986091,  12.52106005, -14.55219517], [-170.99022724,-203.73734583,-112.74916666, -31.3366253 ,   0.07413464,    13.38386397,  54.21814719, 116.80922409, 156.77613802, 142.36446589,    89.52041466,  36.36091288,  -6.99737264], [-173.52953751,-214.65349629,-138.79574231, -74.16435985, -44.76499759,    -9.21788954,  34.57669554,  75.62174714, 142.36446589, 198.54437083,   172.13970074,  87.54161336,   1.59466133], [-163.88109959,-194.56789491,-122.15468985, -77.28542464, -62.1221622 ,   -31.9925996 ,  13.85853891,  44.02986091,  89.52041466, 172.13970074,   207.18892856, 139.6245666 ,  28.83962947], [-119.2778297 ,-135.37985144, -78.08391803, -49.94281812, -42.81910076,   -28.78971967,  -5.85681843,  12.52106005,  36.36091288,  87.54161336,   139.6245666 , 138.45760604,  76.15976953], [-111.01516118, -96.14851518,  -5.9603959 ,  15.51252536,   0.90662671,   -11.0916322 , -17.87824088, -14.55219517,  -6.99737264,   1.59466133,    28.83962947,  76.15976953, 104.67762311]]
music/Small Cover Song Library/Rachmaninov - Op3 No2 by Rachmaninov.mp3; [-870.12683   , 219.77565   ,  16.556816  , -19.664284  ,  -8.078098  ,   -6.524477  ,  -7.268111  ,  -6.469703  ,  -6.9727435 ,  -4.4610944 ,   -0.09271982,   0.28054702,  -2.4413173 ]; [[ 9383.61299054, 3008.2063245 ,-4145.79759056, -233.60994542,    169.09170035, -619.07426008, -385.33760384,  -49.0007428 ,   -193.4334697 , -115.93223624,    2.32330779,  -83.28979748,   -170.01733863], [ 3008.2063245 , 1445.93813213,-1173.2813992 , -331.46504779,     96.68410259, -193.29370583, -177.91758323,  -90.86603047,   -107.26269541,  -84.86417708,  -18.6931082 ,  -30.4237327 ,    -68.93975104], [-4145.79759056,-1173.2813992 , 2064.14763468,   65.37770678,   -138.69397681,  315.50313469,  157.74218891,  -20.77414473,     51.85237661,   30.03476979,  -18.34957483,   30.52993074,     59.38024015], [ -233.60994542, -331.46504779,   65.37770678,  313.39425574,     61.53854273,    5.88959854,   60.16848977,   35.33441893,      5.80890067,    9.76525991,    1.24610392,   -9.70462193,      7.94246693], [  169.09170035,   96.68410259, -138.69397681,   61.53854273,    212.56638943,   24.78151621,  -11.74465964,    3.90563933,    -15.19718866,  -18.36300905,   -4.60547532,   -8.37509989,     -8.20573854], [ -619.07426008, -193.29370583,  315.50313469,    5.88959854,     24.78151621,  148.24825023,   52.68125502,   -3.08880835,      8.06724926,    3.78398897,   -3.99543344,   -3.36603713,     -6.72616578], [ -385.33760384, -177.91758323,  157.74218891,   60.16848977,    -11.74465964,   52.68125502,   94.99548656,   37.77749246,      7.086329  ,    7.66682739,   -0.89533332,   -7.08169008,     -5.09770483], [  -49.0007428 ,  -90.86603047,  -20.77414473,   35.33441893,      3.90563933,   -3.08880835,   37.77749246,   72.28402537,     34.33071242,    5.30009844,    2.12885022,   -0.61890061,     -3.45936328], [ -193.4334697 , -107.26269541,   51.85237661,    5.80890067,    -15.19718866,    8.06724926,    7.086329  ,   34.33071242,     66.92629763,   35.02729775,   -0.26038519,    5.19795207,     11.15304937], [ -115.93223624,  -84.86417708,   30.03476979,    9.76525991,    -18.36300905,    3.78398897,    7.66682739,    5.30009844,     35.02729775,   64.13031603,   23.81526189,    1.81719333,     11.76964808], [    2.32330779,  -18.6931082 ,  -18.34957483,    1.24610392,     -4.60547532,   -3.99543344,   -0.89533332,    2.12885022,     -0.26038519,   23.81526189,   48.27407352,   19.18319542,     -1.09684497], [  -83.28979748,  -30.4237327 ,   30.52993074,   -9.70462193,     -8.37509989,   -3.36603713,   -7.08169008,   -0.61890061,      5.19795207,    1.81719333,   19.18319542,   51.81517478,     31.51569106], [ -170.01733863,  -68.93975104,   59.38024015,    7.94246693,     -8.20573854,   -6.72616578,   -5.09770483,   -3.45936328,     11.15304937,   11.76964808,   -1.09684497,   31.51569106,     68.86112941]]
music/Small Cover Song Library/The Jackson 5 - I Want You Back.mp3; [-650.7057    , 118.94632   , -24.907059  ,  44.000126  ,  11.742912  ,    4.4590945 ,  -2.532573  ,   0.79913926,  -8.506832  ,  -5.9186    ,   -4.8524203 ,  -8.852732  ,  -3.140653  ]; [[14948.42713585, 1010.8542565 , -289.03916149,  762.16450401,   -246.73113326,  -20.61571358, -162.23609214,   -9.0813223 ,    -77.608012  ,  -24.62698247, -156.4219025 , -119.10813987,     88.43244186], [ 1010.8542565 , 2084.47131039, -175.1226053 ,  281.3584806 ,    222.49396111,  -25.07722972,   19.28009883,   22.89728718,    -66.91434413,  -17.21750433,   33.64668551,  -92.56955489,   -103.37166293], [ -289.03916149, -175.1226053 , 1067.49449487,   43.60619782,    -21.61406973,   75.79724136, -122.9799809 ,  -30.68125924,     15.29260886,   -8.26971892,   52.37721763,   -8.18156202,    -38.19379604], [  762.16450401,  281.3584806 ,   43.60619782,  320.44144086,     83.78162555,  -30.18715277,  -18.10595876,   23.86786314,      4.58101417,   11.74062646,   -5.92090979,   -0.25221416,      5.30832888], [ -246.73113326,  222.49396111,  -21.61406973,   83.78162555,    225.40584803,   36.59605124,   -1.38194306,   35.83198674,     15.17944631,    5.86549905,   22.47564499,  -16.15734041,     -5.74576717], [  -20.61571358,  -25.07722972,   75.79724136,  -30.18715277,     36.59605124,  184.82943282,   60.7224195 ,   -6.34444533,      7.65874651,   11.45636564,   15.47489132,   -4.39556735,     -0.82510587], [ -162.23609214,   19.28009883, -122.9799809 ,  -18.10595876,     -1.38194306,   60.7224195 ,  186.93990853,   21.6458797 ,    -10.64231593,   18.05297635,   -6.72635779,   25.17311118,     24.72958753], [   -9.0813223 ,   22.89728718,  -30.68125924,   23.86786314,     35.83198674,   -6.34444533,   21.6458797 ,  149.58610707,     39.73646395,   -8.70204843,   25.08346892,    7.42034887,     16.99401792], [  -77.608012  ,  -66.91434413,   15.29260886,    4.58101417,     15.17944631,    7.65874651,  -10.64231593,   39.73646395,    120.5759585 ,   40.68799706,    5.01779473,    2.80139511,      0.61037307], [  -24.62698247,  -17.21750433,   -8.26971892,   11.74062646,      5.86549905,   11.45636564,   18.05297635,   -8.70204843,     40.68799706,  109.85972569,   26.02318286,    1.16608616,     -8.85933095], [ -156.4219025 ,   33.64668551,   52.37721763,   -5.92090979,     22.47564499,   15.47489132,   -6.72635779,   25.08346892,      5.01779473,   26.02318286,  125.05694521,   12.49452862,     -8.90483599], [ -119.10813987,  -92.56955489,   -8.18156202,   -0.25221416,    -16.15734041,   -4.39556735,   25.17311118,    7.42034887,      2.80139511,    1.16608616,   12.49452862,  110.82776852,     46.13336732], [   88.43244186, -103.37166293,  -38.19379604,    5.30832888,     -5.74576717,   -0.82510587,   24.72958753,   16.99401792,      0.61037307,   -8.85933095,   -8.90483599,   46.13336732,    114.03520561]]
music/Small Cover Song Library/Toto - Africa by Leo (feat Hannah Boulton & Rabea Massaad).mp3; [-509.18478  , 130.02956  ,  -9.95686  ,  16.150164 ,   7.319796 ,    4.6458488,   6.468344 ,  15.398269 ,   7.53721  ,   3.1104257,    5.450048 ,   6.2085752,  -3.612411 ]; [[8974.75446188, 948.29479334,  41.67701771,  92.07615869, 159.90631859,   186.40084546, 132.9786878 , 266.51649508,  98.94494216,  60.86979329,    97.63633009,  53.93039128,  -8.09958157], [ 948.29479334, 861.22641483,-266.99022748, 117.63855673, -37.91839761,   -45.8562509 ,  25.95321287,   5.55850348,  26.29685904,  13.67186481,    15.54097758,  56.21904918,  -5.9731131 ], [  41.67701771,-266.99022748, 382.814295  , -42.8964346 ,  41.59528227,   -22.0037688 , -38.2638291 ,   2.65715714, -38.8901535 ,  -9.41568097,     1.69358807,  -0.43643638,  14.06399573], [  92.07615869, 117.63855673, -42.8964346 , 248.29443006,  28.57568528,    16.93039525, -32.06915239,  -3.39865977,  33.34300807,  -6.14641311,    18.53750942,  21.51722765,  18.95130601], [ 159.90631859, -37.91839761,  41.59528227,  28.57568528, 151.39320747,    11.6236769 ,  19.00611243,   7.86795189,  15.98330525,  20.50737508,     4.25112398,   3.4711764 ,  10.12935662], [ 186.40084546, -45.8562509 , -22.0037688 ,  16.93039525,  11.6236769 ,   126.98039977,  50.75515163,  41.75502251,  11.29179625,   9.18772995,    13.62663072,  -6.15781744,  -7.43835287], [ 132.9786878 ,  25.95321287, -38.2638291 , -32.06915239,  19.00611243,    50.75515163, 140.8358607 ,  76.14883677,  20.97720644,   5.60740905,     0.1130253 ,   0.85882554, -13.52871752], [ 266.51649508,   5.55850348,   2.65715714,  -3.39865977,   7.86795189,    41.75502251,  76.14883677, 117.69620466,  43.95689995,  21.93772598,     6.96980498,   6.34823641,  -4.47111644], [  98.94494216,  26.29685904, -38.8901535 ,  33.34300807,  15.98330525,    11.29179625,  20.97720644,  43.95689995,  82.66455869,  32.82122769,    18.69719435,   7.1950704 ,   4.22480128], [  60.86979329,  13.67186481,  -9.41568097,  -6.14641311,  20.50737508,     9.18772995,   5.60740905,  21.93772598,  32.82122769,  71.19262451,    34.69471455,  14.77046323,  -3.80336993], [  97.63633009,  15.54097758,   1.69358807,  18.53750942,   4.25112398,    13.62663072,   0.1130253 ,   6.96980498,  18.69719435,  34.69471455,    64.42319716,  29.84559979,   7.78880269], [  53.93039128,  56.21904918,  -0.43643638,  21.51722765,   3.4711764 ,    -6.15781744,   0.85882554,   6.34823641,   7.1950704 ,  14.77046323,    29.84559979,  58.28173556,  22.09818198], [  -8.09958157,  -5.9731131 ,  14.06399573,  18.95130601,  10.12935662,    -7.43835287, -13.52871752,  -4.47111644,   4.22480128,  -3.80336993,     7.78880269,  22.09818198,  50.33517675]]
