music/WALLS2.mp3; [-537.82825   , 150.29181   , -33.913334  ,  14.323516  ,   3.659669  ,   -7.181939  ,  -0.94187814,   3.2336047 ,  -5.537734  ,   5.0457616 ,   -2.9331844 ,  -3.5497296 ,  -0.4542302 ]; [[6568.27958735,-255.20287065,  -3.13630243, 132.04083973, 178.73961352,    66.56709527, 197.9425228 , 306.53849149, 119.30850812, 183.51519265,   151.98599538, 159.22740994,  74.64776425], [-255.20287065,1232.52301696,-205.57376595, 205.16678243, 113.42590339,   -33.68518247,  17.57152876, -68.33436986, -67.83503687,  -0.02105174,     4.64519288, -21.96500271,   9.28145041], [  -3.13630243,-205.57376595, 698.93655049,  57.21081442, -53.3201451 ,   157.27025083, -44.49302771, -42.69320844,  16.18586173, -23.96421581,    -4.66956358,  32.74463571,  -0.61258472], [ 132.04083973, 205.16678243,  57.21081442, 254.53352984, 111.14696747,   -13.27662227, -21.20178953, -35.23272272, -14.38597715,  29.70146451,   -13.48095657,  -1.44413462,  24.09186069], [ 178.73961352, 113.42590339, -53.3201451 , 111.14696747, 228.81467263,   -41.39646813, -16.63906649, -24.33235225,   4.67121801,  51.16405871,   -11.95645052, -16.6100211 ,  24.18346092], [  66.56709527, -33.68518247, 157.27025083, -13.27662227, -41.39646813,   201.01630863,  45.70705031,  19.89599685,  49.93173873,  -7.50510387,    37.74510286,  31.1265015 ,  -2.53487311], [ 197.9425228 ,  17.57152876, -44.49302771, -21.20178953, -16.63906649,    45.70705031, 152.02699932,  93.05101647,  12.60729631,  -1.83661515,    36.0982913 ,  45.7926364 ,   5.80956877], [ 306.53849149, -68.33436986, -42.69320844, -35.23272272, -24.33235225,    19.89599685,  93.05101647, 167.08909679,  31.40705685,   5.53763892,    42.231596  ,  36.13299782,   6.25823824], [ 119.30850812, -67.83503687,  16.18586173, -14.38597715,   4.67121801,    49.93173873,  12.60729631,  31.40705685, 130.41700243,  38.04282857,    13.95905484,   8.65550315,  20.3025695 ], [ 183.51519265,  -0.02105174, -23.96421581,  29.70146451,  51.16405871,    -7.50510387,  -1.83661515,   5.53763892,  38.04282857, 100.62847503,    13.25744562,   8.33312946,  23.15508972], [ 151.98599538,   4.64519288,  -4.66956358, -13.48095657, -11.95645052,    37.74510286,  36.0982913 ,  42.231596  ,  13.95905484,  13.25744562,    94.15313085,  32.05943696,   5.66432028], [ 159.22740994, -21.96500271,  32.74463571,  -1.44413462, -16.6100211 ,    31.1265015 ,  45.7926364 ,  36.13299782,   8.65550315,   8.33312946,    32.05943696,  86.20760298,  21.00013912], [  74.64776425,   9.28145041,  -0.61258472,  24.09186069,  24.18346092,    -2.53487311,   5.80956877,   6.25823824,  20.3025695 ,  23.15508972,     5.66432028,  21.00013912,  69.1589048 ]]
music/WALLS1.mp3; [-498.03763  , 107.708824 ,  -6.420766 ,  30.77728  ,  11.24272  ,    8.64296  ,   2.614237 ,   5.7398763,   0.8359626,   2.9180384,   -1.6968459,   2.1822023,   4.321189 ]; [[ 8944.3907652 ,-1973.13809525, -432.14389311,  131.44559586,     -4.68132473,  353.74727718,   24.22390371,  105.9136092 ,    179.95965675,  150.1999161 ,  152.06760591,   84.83682163,     32.1069647 ], [-1973.13809525, 1483.68625137, -126.95581916,    0.12896012,     63.29379702,  -85.84432822,   97.92017293,   41.93678673,    -53.4813587 ,   -0.86393514,  -13.02090874,   27.1538439 ,     22.89460779], [ -432.14389311, -126.95581916,  569.92990131,   35.56919375,     58.80526887,   47.33863179,    4.44022924,    3.16473093,      1.20537437,   -2.76478434,   18.59738122,   -0.16178632,     11.43270659], [  131.44559586,    0.12896012,   35.56919375,  338.1920803 ,     55.8126502 ,   43.52749654,  -39.35988819,  -29.29913178,     73.70718198,   36.36835182,    9.44941133,    7.13229091,     19.28925655], [   -4.68132473,   63.29379702,   58.80526887,   55.8126502 ,    199.93828005,   16.4251207 ,   26.4550756 ,   13.96907879,     23.11584921,   46.28820566,    4.08013475,    7.86503289,     20.88135845], [  353.74727718,  -85.84432822,   47.33863179,   43.52749654,     16.4251207 ,  140.97960632,   43.90751124,   29.93753159,     25.80669918,    1.03884199,   29.79960198,   20.47105546,     -1.92439748], [   24.22390371,   97.92017293,    4.44022924,  -39.35988819,     26.4550756 ,   43.90751124,  164.14760083,   82.4777472 ,    -21.50273088,  -12.89340833,   22.7409843 ,   43.71994033,      2.23558874], [  105.9136092 ,   41.93678673,    3.16473093,  -29.29913178,     13.96907879,   29.93753159,   82.4777472 ,  107.84348283,      2.17167583,   -1.48725769,   12.38121099,   30.58885087,      4.30431789], [  179.95965675,  -53.4813587 ,    1.20537437,   73.70718198,     23.11584921,   25.80669918,  -21.50273088,    2.17167583,    115.55874909,   43.39235969,    7.55564947,   -5.85907434,      9.25255149], [  150.1999161 ,   -0.86393514,   -2.76478434,   36.36835182,     46.28820566,    1.03884199,  -12.89340833,   -1.48725769,     43.39235969,   89.01123103,   21.84716522,    1.41683929,      8.2379842 ], [  152.06760591,  -13.02090874,   18.59738122,    9.44941133,      4.08013475,   29.79960198,   22.7409843 ,   12.38121099,      7.55564947,   21.84716522,   69.15860956,   31.10559846,      1.69563132], [   84.83682163,   27.1538439 ,   -0.16178632,    7.13229091,      7.86503289,   20.47105546,   43.71994033,   30.58885087,     -5.85907434,    1.41683929,   31.10559846,   74.17548092,     20.99288535], [   32.1069647 ,   22.89460779,   11.43270659,   19.28925655,     20.88135845,   -1.92439748,    2.23558874,    4.30431789,      9.25255149,    8.2379842 ,    1.69563132,   20.99288535,     61.6304783 ]]
music/THRONES1.mp3; [-630.1843   , 187.18492  ,  -9.150328 ,  34.57612  ,  11.122486 ,    4.354409 ,  -1.8273039,   8.681352 ,   4.2023206,   5.8035703,   -1.5223556,   4.00085  ,   5.9744344]; [[16744.13839157, 3572.41665606,-2037.02279687,  144.27091889,   -406.12764556, -100.04320699,  -30.63851228,  304.91629766,     52.23054028,   50.82922378, -339.5764901 , -224.05954143,   -185.17109833], [ 3572.41665606, 1568.48913911, -345.74483749,   60.33925692,      9.22654715,  -70.64677173,  -61.5119966 ,   33.82661806,     27.42159536,    2.47930621,  -64.08906081,  -17.3390148 ,    -13.25918595], [-2037.02279687, -345.74483749,  535.18198662,    2.52370275,    121.23785633,   26.02403961,  -19.82355242,  -51.53443359,    -16.70407704,  -20.71144356,   57.68540617,   39.730998  ,     36.12096956], [  144.27091889,   60.33925692,    2.52370275,  116.7701579 ,      7.1952309 ,   11.07618368,   -3.4439994 ,   -3.46336863,     -2.97863303,   12.77516232,    9.17580448,   10.91314845,     11.33958137], [ -406.12764556,    9.22654715,  121.23785633,    7.1952309 ,    121.79253947,   29.24625603,   -8.19009491,  -10.38359502,      1.56182145,  -10.16676611,    8.10759797,    7.24860618,      5.5937571 ], [ -100.04320699,  -70.64677173,   26.02403961,   11.07618368,     29.24625603,   87.50654737,   36.31867498,   14.36743677,     -0.52578876,    2.80205538,   10.78041309,    0.5525864 ,     -2.28720533], [  -30.63851228,  -61.5119966 ,  -19.82355242,   -3.4439994 ,     -8.19009491,   36.31867498,   70.05691192,   33.91214098,     10.40167132,    7.20228475,    0.97905365,   -4.26447841,     -6.96283816], [  304.91629766,   33.82661806,  -51.53443359,   -3.46336863,    -10.38359502,   14.36743677,   33.91214098,   67.6204259 ,     28.28178748,    6.31164931,   -9.19897681,   -7.18454212,     -4.97379892], [   52.23054028,   27.42159536,  -16.70407704,   -2.97863303,      1.56182145,   -0.52578876,   10.40167132,   28.28178748,     55.34611229,   19.81765646,   -0.56704411,   -0.56296891,     -3.33342227], [   50.82922378,    2.47930621,  -20.71144356,   12.77516232,    -10.16676611,    2.80205538,    7.20228475,    6.31164931,     19.81765646,   51.83578581,   21.39750213,    2.66700745,     -1.65288255], [ -339.5764901 ,  -64.08906081,   57.68540617,    9.17580448,      8.10759797,   10.78041309,    0.97905365,   -9.19897681,     -0.56704411,   21.39750213,   56.39898007,   25.18488333,      8.58588543], [ -224.05954143,  -17.3390148 ,   39.730998  ,   10.91314845,      7.24860618,    0.5525864 ,   -4.26447841,   -7.18454212,     -0.56296891,    2.66700745,   25.18488333,   48.77360342,     22.97259274], [ -185.17109833,  -13.25918595,   36.12096956,   11.33958137,      5.5937571 ,   -2.28720533,   -6.96283816,   -4.97379892,     -3.33342227,   -1.65288255,    8.58588543,   22.97259274,     49.46078821]]
music/CHANDELIER1.mp3; [-524.19604  , 110.42355  ,  -1.1658037,  19.687271 ,   4.235417 ,   -6.7429214,  16.90596  ,  -5.406688 ,   4.959401 ,   5.3819537,    3.3673184,   5.545391 ,   4.551632 ]; [[14908.73463238,  155.84785394,  274.33304766, 1148.30429578,    606.10592641,  488.97402532,  495.75010132,  641.04205591,    128.68347189,  183.73896996, -266.50514095,  -21.45396895,     70.36021288], [  155.84785394, 1082.2079511 , -114.11205646,  133.44716752,    131.38154112,  -12.95136376,  153.29716469,   62.0362054 ,     65.02480714,  102.64068531,   93.93434213,   75.27159852,     70.41274021], [  274.33304766, -114.11205646,  822.88550817,  199.52038385,    217.4072119 ,  286.46541147, -175.05686449,  309.29074693,      7.16257963,   98.5271943 ,   63.10421529,    5.42819751,     52.12106604], [ 1148.30429578,  133.44716752,  199.52038385,  548.81791684,    254.24004493,  160.22125072,   16.52022534,  218.0160266 ,     62.32385108,   97.65758888,  -14.08918631,   68.14057131,     29.10731694], [  606.10592641,  131.38154112,  217.4072119 ,  254.24004493,    304.87687409,  157.77752931,   26.56176367,  209.48768133,     36.59702709,  101.19762639,   23.66277076,   38.20984934,     46.26238366], [  488.97402532,  -12.95136376,  286.46541147,  160.22125072,    157.77752931,  358.36533078,    7.44284787,  225.1264047 ,    -33.33050962,   62.04799189,   38.63684575,   20.27348441,     52.60476092], [  495.75010132,  153.29716469, -175.05686449,   16.52022534,     26.56176367,    7.44284787,  373.71518338,  -26.89876066,      8.40560423,  -10.24920053,   -6.42812283,   32.34435487,     29.59491523], [  641.04205591,   62.0362054 ,  309.29074693,  218.0160266 ,    209.48768133,  225.1264047 ,  -26.89876066,  392.41987612,     34.39672601,  102.07900637,   25.44456281,    8.00687771,     54.17966336], [  128.68347189,   65.02480714,    7.16257963,   62.32385108,     36.59702709,  -33.33050962,    8.40560423,   34.39672601,    152.64609405,   52.20491766,   20.43934229,    7.11455301,    -20.28107725], [  183.73896996,  102.64068531,   98.5271943 ,   97.65758888,    101.19762639,   62.04799189,  -10.24920053,  102.07900637,     52.20491766,  165.38034767,   49.70705269,   17.25747471,     11.72995936], [ -266.50514095,   93.93434213,   63.10421529,  -14.08918631,     23.66277076,   38.63684575,   -6.42812283,   25.44456281,     20.43934229,   49.70705269,  123.44483271,   33.30505599,     15.01453166], [  -21.45396895,   75.27159852,    5.42819751,   68.14057131,     38.20984934,   20.27348441,   32.34435487,    8.00687771,      7.11455301,   17.25747471,   33.30505599,  118.32868969,     33.42151043], [   70.36021288,   70.41274021,   52.12106604,   29.10731694,     46.26238366,   52.60476092,   29.59491523,   54.17966336,    -20.28107725,   11.72995936,   15.01453166,   33.42151043,    125.62004741]]
