music/RACH1.mp3; [-916.7625   , 169.65031  ,  18.384865 ,  -6.841856 , -14.652506 ,  -13.23319  , -13.994617 ,  -9.978118 ,  -6.0902495,  -5.564202 ,   -5.5541058,  -5.3319945,  -3.724326 ]; [[16062.45395393, 5161.18549229,-4989.9484948 , -399.25549787,   -413.09309943, -130.43098697, -578.1136254 , -172.8832936 ,    -29.35989054,  -75.34430944,  -35.24362268, -120.8454825 ,   -153.59300179], [ 5161.18549229, 2843.58543583,-1230.64509596, -470.16906363,    -88.25299014, -129.56463344, -203.92766841, -134.54427083,    -17.04301568,  -43.41537981,  -35.34095966,  -49.72318353,    -45.46103961], [-4989.9484948 ,-1230.64509596, 2123.66638091,  105.83213098,      6.00509511,   31.70665556,  166.45849296,   40.67455114,    -22.4463002 ,   -1.17772855,  -27.96888388,    6.74049431,     36.1215189 ], [ -399.25549787, -470.16906363,  105.83213098,  290.60421271,     15.9594461 ,    8.38381315,   38.08276185,   32.54826297,      0.23994048,  -19.10205241,   -9.98580851,   -6.17560183,     -2.60252606], [ -413.09309943,  -88.25299014,    6.00509511,   15.9594461 ,    177.99918406,   31.59592592,   19.4140918 ,   -3.76138598,     -0.06712724,   -6.37105588,  -10.11571759,    3.14488657,      7.443223  ], [ -130.43098697, -129.56463344,   31.70665556,    8.38381315,     31.59592592,   96.62721783,   33.43012594,    7.74099703,     -5.91046113,   -7.02335146,   -8.25951485,  -11.11045742,     -2.25840372], [ -578.1136254 , -203.92766841,  166.45849296,   38.08276185,     19.4140918 ,   33.43012594,   88.83898254,   40.6011599 ,      9.43203468,   -2.93013493,   -5.03245426,   -0.7267131 ,      0.91523943], [ -172.8832936 , -134.54427083,   40.67455114,   32.54826297,     -3.76138598,    7.74099703,   40.6011599 ,   71.4402541 ,     30.67662643,    1.1928095 ,   -3.53234916,   -1.27787639,     -0.84389559], [  -29.35989054,  -17.04301568,  -22.4463002 ,    0.23994048,     -0.06712724,   -5.91046113,    9.43203468,   30.67662643,     53.95459328,   22.23624135,    2.43478006,    1.40021408,      0.33226174], [  -75.34430944,  -43.41537981,   -1.17772855,  -19.10205241,     -6.37105588,   -7.02335146,   -2.93013493,    1.1928095 ,     22.23624135,   51.2992248 ,   25.35901261,    7.32458009,     -0.44051654], [  -35.24362268,  -35.34095966,  -27.96888388,   -9.98580851,    -10.11571759,   -8.25951485,   -5.03245426,   -3.53234916,      2.43478006,   25.35901261,   51.46646855,   27.68091693,      1.87765366], [ -120.8454825 ,  -49.72318353,    6.74049431,   -6.17560183,      3.14488657,  -11.11045742,   -0.7267131 ,   -1.27787639,      1.40021408,    7.32458009,   27.68091693,   50.13603505,     21.43252353], [ -153.59300179,  -45.46103961,   36.1215189 ,   -2.60252606,      7.443223  ,   -2.25840372,    0.91523943,   -0.84389559,      0.33226174,   -0.44051654,    1.87765366,   21.43252353,     38.15964846]]
music/SPACE2.mp3; [-558.74176   ,  91.39277   , -11.58372   ,  45.174366  ,   8.369196  ,    5.8301797 ,  -0.76415503,   3.7758634 ,   0.6905702 ,  -4.6792884 ,   -3.0030816 ,  -1.0868523 ,  -0.21205941]; [[11635.90296479, -793.65159999, -317.09222461, 1401.51169552,    599.76565977,  483.08741554,  376.15604377,  522.04278742,    336.60776655,  192.46003738,  184.29690094,   80.74802129,   -108.4702514 ], [ -793.65159999,  903.00797071,   -7.69143302, -423.41458508,   -200.63023243,  -81.48626867,  -44.22485058, -116.65243569,   -101.57835938,  -48.61910851,  -58.33150685,  -43.66245545,     -7.9735922 ], [ -317.09222461,   -7.69143302,  368.6469856 ,   22.56873321,     93.78924021,  -29.73069991,  -27.35007806,  -28.73030745,    -32.64638178,   18.89665332,  -12.5226207 ,   24.12903132,     20.05897148], [ 1401.51169552, -423.41458508,   22.56873321,  900.96067263,    322.51145049,   95.42983269,   -1.37241013,   87.19643095,    129.89168342,   48.70932456,   82.42242511,   36.46017632,      7.89502259], [  599.76565977, -200.63023243,   93.78924021,  322.51145049,    222.03117303,   69.32928933,   24.95480475,   32.71402862,     49.85909113,   36.12578201,   34.05106513,   22.91970203,      3.17432306], [  483.08741554,  -81.48626867,  -29.73069991,   95.42983269,     69.32928933,  137.81616669,   82.88409104,   49.27977481,     11.72123516,    3.26222866,   15.41546785,    9.86124742,     -7.88876503], [  376.15604377,  -44.22485058,  -27.35007806,   -1.37241013,     24.95480475,   82.88409104,  134.086578  ,   69.20233145,     13.45407381,   -6.0315318 ,    5.59644394,    5.4431566 ,     -5.21704652], [  522.04278742, -116.65243569,  -28.73030745,   87.19643095,     32.71402862,   49.27977481,   69.20233145,  111.5144759 ,     55.80655649,   16.99274182,   12.32423107,    6.36214217,    -10.58849318], [  336.60776655, -101.57835938,  -32.64638178,  129.89168342,     49.85909113,   11.72123516,   13.45407381,   55.80655649,    108.35356541,   39.42264859,   18.99855666,   -0.57765902,     -8.16576125], [  192.46003738,  -48.61910851,   18.89665332,   48.70932456,     36.12578201,    3.26222866,   -6.0315318 ,   16.99274182,     39.42264859,   74.33813649,   28.79744819,    3.07075519,     -3.50202613], [  184.29690094,  -58.33150685,  -12.5226207 ,   82.42242511,     34.05106513,   15.41546785,    5.59644394,   12.32423107,     18.99855666,   28.79744819,   62.89683802,   21.4337932 ,      2.12869878], [   80.74802129,  -43.66245545,   24.12903132,   36.46017632,     22.91970203,    9.86124742,    5.4431566 ,    6.36214217,     -0.57765902,    3.07075519,   21.4337932 ,   55.36314606,     22.32985834], [ -108.4702514 ,   -7.9735922 ,   20.05897148,    7.89502259,      3.17432306,   -7.88876503,   -5.21704652,  -10.58849318,     -8.16576125,   -3.50202613,    2.12869878,   22.32985834,     53.66627125]]
music/TURCA2.wav; [-845.4295   , 224.42525  ,  -4.2738404, -22.080482 , -10.717226 ,  -21.3005   , -12.530859 ,  -6.4722314, -10.42144  ,  -8.653786 ,   -6.3278947,  -6.6957517,  -4.413578 ]; [[ 6993.4753521 , 2826.08111411,-1905.60486856,  666.07891097,    140.15582662, -441.50376301,  160.84959069,  117.76427398,   -308.29628321, -245.40268521,  -78.96723143,  -47.59937118,     -1.72563264], [ 2826.08111411, 1711.96103774, -460.56436622,  -12.84832795,     27.85504705, -210.37230601,  -35.23723169,   -6.53775131,   -127.08594335, -130.90267207,  -91.81932193,  -79.23839774,    -51.22147504], [-1905.60486856, -460.56436622,  874.19541218, -263.14762651,   -115.02780732,  140.58831647, -125.42559052, -105.48489287,     70.4715139 ,   65.11781191,    9.59778949,  -15.03339794,    -47.82238482], [  666.07891097,  -12.84832795, -263.14762651,  395.67078825,    118.85031479,  -51.76140774,   54.64232552,    8.78606693,    -62.358774  ,    7.64905885,   63.5440987 ,   33.42916044,     17.30703736], [  140.15582662,   27.85504705, -115.02780732,  118.85031479,    189.63351414,   20.73075758,   24.78203861,   28.09747272,    -25.23611186,  -27.15001307,  -20.7621701 ,  -18.18054727,     20.26142177], [ -441.50376301, -210.37230601,  140.58831647,  -51.76140774,     20.73075758,  202.05706881,   79.48485508,    3.57987789,     33.37632084,  -22.32811767,  -78.8258037 ,  -26.32915273,     31.46112303], [  160.84959069,  -35.23723169, -125.42559052,   54.64232552,     24.78203861,   79.48485508,  155.55236425,   69.73850286,     -8.95789216,  -38.91621567,  -51.30435192,   -3.61266847,     51.39243298], [  117.76427398,   -6.53775131, -105.48489287,    8.78606693,     28.09747272,    3.57987789,   69.73850286,  118.18748226,     40.50466388,  -28.51347564,  -33.83499091,  -22.9251662 ,     12.89485493], [ -308.29628321, -127.08594335,   70.4715139 ,  -62.358774  ,    -25.23611186,   33.37632084,   -8.95789216,   40.50466388,    151.36654285,   89.62849842,  -23.30817983,  -51.39742692,    -48.05965483], [ -245.40268521, -130.90267207,   65.11781191,    7.64905885,    -27.15001307,  -22.32811767,  -38.91621567,  -28.51347564,     89.62849842,  174.44245526,   98.69983839,   -8.36571813,    -67.31549394], [  -78.96723143,  -91.81932193,    9.59778949,   63.5440987 ,    -20.7621701 ,  -78.8258037 ,  -51.30435192,  -33.83499091,    -23.30817983,   98.69983839,  206.84891929,  124.28577036,    -20.56526494], [  -47.59937118,  -79.23839774,  -15.03339794,   33.42916044,    -18.18054727,  -26.32915273,   -3.61266847,  -22.9251662 ,    -51.39742692,   -8.36571813,  124.28577036,  194.94301224,     88.18197112], [   -1.72563264,  -51.22147504,  -47.82238482,   17.30703736,     20.26142177,   31.46112303,   51.39243298,   12.89485493,    -48.05965483,  -67.31549394,  -20.56526494,   88.18197112,    152.51809876]]
music/dubstep_beats.wav; [-706.58673  , 151.3056   , -29.772322 ,  33.59971  ,  11.084719 ,   -9.922852 ,  -6.5178914,   3.6835601,  -1.0465765,  -4.6838784,   -3.7984517,  -1.371456 ,  -4.1912932]; [[13368.91875232,-2298.77827398,-3495.45052862, -972.25984761,   -482.70523131, -612.04306176,  110.80627309,  657.31030285,   -188.03967018, -120.76084153,  155.60251263, -108.02406393,    -20.47777521], [-2298.77827398, 3508.33552259, 1239.70757254,  786.98050668,    -34.12288614, -147.52916498, -111.62966729, -543.72783848,     -7.40157845,   11.05474073, -201.01509017,   16.66853922,    -94.26972455], [-3495.45052862, 1239.70757254, 3797.55438618,  471.00529798,    244.50177447,  641.77267082,  327.23491858, -109.70420939,   -140.62348315, -243.05093329,   95.07159932,  -13.25393402,    127.59285458], [ -972.25984761,  786.98050668,  471.00529798,  707.93882096,      0.30241418,   59.34958273, -130.6241608 , -253.52082963,    148.15740833,   31.88253995, -128.47174627,   23.26745668,    -45.19780505], [ -482.70523131,  -34.12288614,  244.50177447,    0.30241418,    355.03685146,  103.61347002,   -0.31352792,  110.68840979,      0.78884622,   62.05857971,   24.65848517,   18.7061222 ,     63.09739523], [ -612.04306176, -147.52916498,  641.77267082,   59.34958273,    103.61347002,  398.91177776,  173.30054808,   99.39833881,     -0.82208126,  -31.92191085,   79.65947786,   13.59875957,     42.54800023], [  110.80627309, -111.62966729,  327.23491858, -130.6241608 ,     -0.31352792,  173.30054808,  456.09673314,  180.46043453,    -62.42522088,  -70.21773913,   97.25270256,   11.32719152,     44.69634962], [  657.31030285, -543.72783848, -109.70420939, -253.52082963,    110.68840979,   99.39833881,  180.46043453,  332.44575593,    -43.38063268,   13.20416909,  111.85348105,   20.94096647,     75.68025997], [ -188.03967018,   -7.40157845, -140.62348315,  148.15740833,      0.78884622,   -0.82208126,  -62.42522088,  -43.38063268,    217.52102317,   54.04013526,  -72.33956786,   30.67876588,    -22.89245463], [ -120.76084153,   11.05474073, -243.05093329,   31.88253995,     62.05857971,  -31.92191085,  -70.21773913,   13.20416909,     54.04013526,  197.27934982,    0.4018512 ,   27.88607597,      0.02939912], [  155.60251263, -201.01509017,   95.07159932, -128.47174627,     24.65848517,   79.65947786,   97.25270256,  111.85348105,    -72.33956786,    0.4018512 ,  137.74689752,    7.7923527 ,     33.23763686], [ -108.02406393,   16.66853922,  -13.25393402,   23.26745668,     18.7061222 ,   13.59875957,   11.32719152,   20.94096647,     30.67876588,   27.88607597,    7.7923527 ,   66.05370208,     24.11107933], [  -20.47777521,  -94.26972455,  127.59285458,  -45.19780505,     63.09739523,   42.54800023,   44.69634962,   75.68025997,    -22.89245463,    0.02939912,   33.23763686,   24.11107933,     84.07657985]]
music/TURCA1.wav; [-879.46533   , 195.72986   ,  -1.4482532 , -22.29208   , -17.034468  ,  -12.490302  ,  -5.968617  ,  -5.6445794 ,  -4.370166  ,  -1.9463477 ,   -0.48459092,   0.27211186,   2.6066635 ]; [[11534.29154893, 4405.5125438 ,-3411.57884542,  854.69064542,    370.83641675, -284.88460341,  -85.15341693, -172.7448275 ,   -234.96084675, -149.86115702,  -82.40736068, -100.86055152,    -13.72373586], [ 4405.5125438 , 2543.99843072, -800.81300543,  -35.60617334,     82.34094217, -136.77050787,  -67.16910241, -114.45261483,   -126.29977828,  -99.19431836,  -83.27232941,  -74.25285196,    -24.40955653], [-3411.57884542, -800.81300543, 1658.41349704, -340.68767511,   -280.77748393,  125.5591779 ,   -3.55022658,   22.18163206,     40.2801584 ,   12.30019761,   -9.44520028,  -10.77118295,    -48.26644954], [  854.69064542,  -35.60617334, -340.68767511,  416.0013464 ,     97.07404729,  -15.52778677,   10.06521397,  -20.51137958,    -12.58050313,   20.58488017,   29.66964848,   -0.5364277 ,    -25.73398566], [  370.83641675,   82.34094217, -280.77748393,   97.07404729,    221.4018249 ,   21.13485148,   -2.80343142,  -11.0996174 ,    -13.53210619,   -3.53751332,  -11.69599123,   -5.78346029,      4.61012784], [ -284.88460341, -136.77050787,  125.5591779 ,  -15.52778677,     21.13485148,  150.96749576,   63.48003831,   34.39987104,     18.8257614 ,  -38.68448891,  -51.69113653,  -33.68704924,    -11.41035961], [  -85.15341693,  -67.16910241,   -3.55022658,   10.06521397,     -2.80343142,   63.48003831,  126.08099675,   72.00475788,     11.68883468,  -31.33657883,  -50.11927554,  -29.7184342 ,      0.45098682], [ -172.7448275 , -114.45261483,   22.18163206,  -20.51137958,    -11.0996174 ,   34.39987104,   72.00475788,  114.23158923,     55.07702979,  -18.31158335,  -42.42980657,  -33.08549833,     -4.23510547], [ -234.96084675, -126.29977828,   40.2801584 ,  -12.58050313,    -13.53210619,   18.8257614 ,   11.68883468,   55.07702979,    108.10465629,   47.0344551 ,   -9.97137582,  -29.73978694,    -31.92148028], [ -149.86115702,  -99.19431836,   12.30019761,   20.58488017,     -3.53751332,  -38.68448891,  -31.33657883,  -18.31158335,     47.0344551 ,  121.31890581,   88.04490266,   16.77256723,    -24.09654548], [  -82.40736068,  -83.27232941,   -9.44520028,   29.66964848,    -11.69599123,  -51.69113653,  -50.11927554,  -42.42980657,     -9.97137582,   88.04490266,  159.83562739,  100.46504042,      4.42642558], [ -100.86055152,  -74.25285196,  -10.77118295,   -0.5364277 ,     -5.78346029,  -33.68704924,  -29.7184342 ,  -33.08549833,    -29.73978694,   16.77256723,  100.46504042,  153.14737051,     86.57901056], [  -13.72373586,  -24.40955653,  -48.26644954,  -25.73398566,      4.61012784,  -11.41035961,    0.45098682,   -4.23510547,    -31.92148028,  -24.09654548,    4.42642558,   86.57901056,    152.56712806]]
music/filtered.wav; [-978.2365    , 114.799995  , -21.702854  , -18.897667  ,   0.6844078 ,  -16.424135  , -14.202017  ,   2.2528937 ,   3.2243893 ,   0.20648785,   -2.768976  , -13.699703  , -13.361788  ]; [[12681.09913571, 7610.67288765,-2988.45153292, -606.02779518,    858.56353813, -822.29529346, -435.78437335,  538.36199714,     31.54883496, -246.69991544,   -8.33153684, -740.43628044,   -736.3780375 ], [ 7610.67288765, 5889.0862863 ,  -89.14171102, -275.08843148,    320.49261142, -275.50155585, -369.31777871, -224.11345884,   -414.63320172, -227.91950418,  157.35976177, -158.1167967 ,   -402.79275643], [-2988.45153292,  -89.14171102, 3166.15004859,  513.48831718,   -480.18064628,  532.66123641,    3.20565349, -927.84274515,   -686.04514182, -117.33623848,  279.63576186,  650.72785332,    271.56051222], [ -606.02779518, -275.08843148,  513.48831718,  401.38835238,     53.53169836,   96.56363712,   18.48276969, -177.78865236,   -223.88288908,  -97.45112681,  160.15961716,  233.45123819,     74.07271596], [  858.56353813,  320.49261142, -480.18064628,   53.53169836,    288.20072565,  -65.31171613,  -63.41908067,   99.70486776,    -11.9162841 ,  -44.63392472,   75.81873923,   -0.41045998,    -63.84070787], [ -822.29529346, -275.50155585,  532.66123641,   96.56363712,    -65.31171613,  183.55504506,   57.74386782, -128.21097287,    -72.90986177,  -11.30897722,   31.34362929,  112.35703037,     84.01508716], [ -435.78437335, -369.31777871,    3.20565349,   18.48276969,    -63.41908067,   57.74386782,  113.16315584,   70.55314847,     75.51648727,   30.41072792,  -53.76324352,  -42.73731604,     34.74913611], [  538.36199714, -224.11345884, -927.84274515, -177.78865236,     99.70486776, -128.21097287,   70.55314847,  369.82050423,    302.26754985,   65.23996909, -141.33244876, -247.7408571 ,    -69.6887267 ], [   31.54883496, -414.63320172, -686.04514182, -223.88288908,    -11.9162841 ,  -72.90986177,   75.51648727,  302.26754985,    337.36740777,  115.09805355, -185.50234885, -244.28061422,    -30.08845611], [ -246.69991544, -227.91950418, -117.33623848,  -97.45112681,    -44.63392472,  -11.30897722,   30.41072792,   65.23996909,    115.09805355,   91.31899432,  -50.26118622,  -78.51639474,    -10.60467841], [   -8.33153684,  157.35976177,  279.63576186,  160.15961716,     75.81873923,   31.34362929,  -53.76324352, -141.33244876,   -185.50234885,  -50.26118622,  184.33401905,  185.0056879 ,     -0.43890009], [ -740.43628044, -158.1167967 ,  650.72785332,  233.45123819,     -0.41045998,  112.35703037,  -42.73731604, -247.7408571 ,   -244.28061422,  -78.51639474,  185.0056879 ,  305.69540513,    115.35658972], [ -736.3780375 , -402.79275643,  271.56051222,   74.07271596,    -63.84070787,   84.01508716,   34.74913611,  -69.6887267 ,    -30.08845611,  -10.60467841,   -0.43890009,  115.35658972,    167.92728755]]
