music/TNT2.mp3; [-532.5504    , 116.28008   , -15.93396   ,  26.597532  ,   8.744552  ,   10.547948  ,   3.665058  ,  10.017697  ,   7.490916  ,   0.02715005,   -1.0655788 ,   1.4870671 ,   0.61142296]; [[6491.50521842,-407.84614373, 545.11448182,-149.4697167 , 183.63360186,   -34.12464216,  -5.36411095,-188.92042974,  46.09775257, -31.43808404,   -34.99754719,  99.212981  , 107.91723661], [-407.84614373,1097.96589717,-446.19399412, 126.00643409, -91.20821846,    58.04244217, -41.99565452, -31.67751059, -12.96108934, -49.00444302,   -65.79255735,   3.56959139, -55.23762645], [ 545.11448182,-446.19399412, 771.3008894 ,  31.82567752, 101.8890573 ,    66.66136989,   2.46351438, -43.67745438, -15.64566357,  14.95636127,    47.06661911,  16.69843664,  52.92803115], [-149.4697167 , 126.00643409,  31.82567752, 283.24738437,  26.83337157,    16.52151354, -38.08173798,   1.8999177 ,  -4.04646252, -11.48756734,    -0.09076911,  35.32049656,  -7.7491566 ], [ 183.63360186, -91.20821846, 101.8890573 ,  26.83337157, 155.9030597 ,    12.26889083,  -0.72165624, -18.01495037,  22.28000463,   2.93801402,    13.38817213,  17.34676267,  16.20112552], [ -34.12464216,  58.04244217,  66.66136989,  16.52151354,  12.26889083,   149.43879341,  36.06232809,  10.04852201,   1.45957943,   4.13936992,    -2.91715294,  -5.74891647,  -0.30594282], [  -5.36411095, -41.99565452,   2.46351438, -38.08173798,  -0.72165624,    36.06232809, 111.4766578 ,  47.87108646,  18.48580923,   5.28571955,     5.37799908,  -2.89698909,  -1.77738057], [-188.92042974, -31.67751059, -43.67745438,   1.8999177 , -18.01495037,    10.04852201,  47.87108646, 115.6095513 ,  30.14203694,  11.59928897,     7.11524059, -10.57716221,  -2.88141506], [  46.09775257, -12.96108934, -15.64566357,  -4.04646252,  22.28000463,     1.45957943,  18.48580923,  30.14203694,  79.18118571,  31.74199758,     7.82749613,  15.22867964,  10.15264808], [ -31.43808404, -49.00444302,  14.95636127, -11.48756734,   2.93801402,     4.13936992,   5.28571955,  11.59928897,  31.74199758,  72.70717689,    33.34436448,   8.41802445,   5.59370261], [ -34.99754719, -65.79255735,  47.06661911,  -0.09076911,  13.38817213,    -2.91715294,   5.37799908,   7.11524059,   7.82749613,  33.34436448,    71.37595135,  28.51838254,   5.6341729 ], [  99.212981  ,   3.56959139,  16.69843664,  35.32049656,  17.34676267,    -5.74891647,  -2.89698909, -10.57716221,  15.22867964,   8.41802445,    28.51838254,  78.24740417,  31.49563265], [ 107.91723661, -55.23762645,  52.92803115,  -7.7491566 ,  16.20112552,    -0.30594282,  -1.77738057,  -2.88141506,  10.15264808,   5.59370261,     5.6341729 ,  31.49563265,  65.86017584]]
music/BACK2.mp3; [-557.6007   ,  94.299805 , -17.069277 ,  12.596658 ,   0.8748493,    5.7735076,   5.417832 ,   2.6974113,  -1.2988476,  -0.6304265,   -3.4112463,  -1.9906291,   1.2617449]; [[9360.41496034, 266.37163354, 176.59735858, 117.44759918,-131.11333469,    -8.24037647,-101.80002729, 109.19196676,  68.23099999,  66.22385429,   -46.81605228,  15.28787671, -22.28444165], [ 266.37163354,1671.50638256,  80.40504563, 425.55096378, 434.58283708,   172.51132862, 184.36533184, 200.00205553,  45.66696421,  -7.38770756,    55.45547909, -60.90537372, -62.17690255], [ 176.59735858,  80.40504563, 884.04946541, 122.76373871,  92.14600384,    87.21264048, -60.07097431,  45.88093592,  -8.73763254, -24.30167993,   -27.81993803, -46.58367534, -83.11929422], [ 117.44759918, 425.55096378, 122.76373871, 438.30215852, 230.94614966,    59.69501233,  47.39433291,  72.51039966,  44.16617722,   2.70439812,    20.80332846,  17.04449989,   6.2702561 ], [-131.11333469, 434.58283708,  92.14600384, 230.94614966, 455.27286393,   112.86311876,  91.9313216 , 172.33600662,  52.76957025,  17.65679438,    34.44530173, -21.72127454, -12.10875019], [  -8.24037647, 172.51132862,  87.21264048,  59.69501233, 112.86311876,   267.11752472, 118.57119174,  56.17593338,  53.67130261,  27.2182314 ,    18.6945283 , -12.91581823,  -6.43231587], [-101.80002729, 184.36533184, -60.07097431,  47.39433291,  91.9313216 ,   118.57119174, 260.48707843,  76.05183221,  72.90543915,  52.17887238,    34.9411876 ,  13.69842728,  21.57195112], [ 109.19196676, 200.00205553,  45.88093592,  72.51039966, 172.33600662,    56.17593338,  76.05183221, 263.74041462,  88.17756011,  44.27123205,    62.07792147,  12.55942583,   3.28116312], [  68.23099999,  45.66696421,  -8.73763254,  44.16617722,  52.76957025,    53.67130261,  72.90543915,  88.17756011, 203.26273617,  98.18825598,    47.46005813,  36.84908359,  22.19463355], [  66.22385429,  -7.38770756, -24.30167993,   2.70439812,  17.65679438,    27.2182314 ,  52.17887238,  44.27123205,  98.18825598, 159.27797507,    64.15066731,  48.33246985,  36.01815241], [ -46.81605228,  55.45547909, -27.81993803,  20.80332846,  34.44530173,    18.6945283 ,  34.9411876 ,  62.07792147,  47.46005813,  64.15066731,   152.33747447,  59.47330222,  33.89155276], [  15.28787671, -60.90537372, -46.58367534,  17.04449989, -21.72127454,   -12.91581823,  13.69842728,  12.55942583,  36.84908359,  48.33246985,    59.47330222, 161.34122296,  83.44303125], [ -22.28444165, -62.17690255, -83.11929422,   6.2702561 , -12.10875019,    -6.43231587,  21.57195112,   3.28116312,  22.19463355,  36.01815241,    33.89155276,  83.44303125, 137.53884947]]
music/PUNISH1.mp3; [-475.30737   ,  86.24891   , -12.938396  ,  29.4043    ,   4.9707975 ,    4.219949  ,   9.148885  ,   4.0708275 ,   1.0560939 ,   0.9960766 ,   -3.163279  ,  -0.94299823,  -0.00728433]; [[5532.88725682, 241.92823525, -29.89278426, -15.13571149, -63.38036545,   102.71663929,  40.30524698, 117.26441143,   5.1172873 ,  36.17296394,    24.28755921,  19.97008712,  24.67158476], [ 241.92823525, 529.51061565,-146.84563464,  22.26106805,   3.96616268,   -36.41215015,  59.20452704, -26.78250127,  26.81744703,  -0.7444539 ,     6.85081233,  16.90187182,  -7.20919653], [ -29.89278426,-146.84563464, 349.61620144,  45.93232102,  55.90160285,     5.40741202, -55.94887912,  30.20754071, -13.64812932,  10.95844467,     6.41843229,  -3.90145688,  20.72964063], [ -15.13571149,  22.26106805,  45.93232102, 254.93861077,  63.2383875 ,    -5.72403056, -23.45499966,  -4.62820307,  44.15201582,  12.2493236 ,    10.46909457,   5.77252824,  16.59346698], [ -63.38036545,   3.96616268,  55.90160285,  63.2383875 , 117.53375422,    21.86927129, -14.60786061, -18.1951976 ,   7.35710202,  15.90518339,     6.34247417,   2.97535127,   7.03838398], [ 102.71663929, -36.41215015,   5.40741202,  -5.72403056,  21.86927129,   140.22395417,  58.51790197,  47.56646047,  -2.33706785,  18.54043136,     6.975802  ,  10.14997423,   8.53499985], [  40.30524698,  59.20452704, -55.94887912, -23.45499966, -14.60786061,    58.51790197, 128.31621494,  44.17482735,   8.45089893,  -4.23506763,    -2.8075351 ,  11.66947625,   4.40570703], [ 117.26441143, -26.78250127,  30.20754071,  -4.62820307, -18.1951976 ,    47.56646047,  44.17482735, 107.28218037,  39.14375768,  16.94986649,     7.06688889,   7.8182074 ,  12.95298617], [   5.1172873 ,  26.81744703, -13.64812932,  44.15201582,   7.35710202,    -2.33706785,   8.45089893,  39.14375768,  89.27472188,  33.45904275,    19.33572629,   2.33816541,   7.64529964], [  36.17296394,  -0.7444539 ,  10.95844467,  12.2493236 ,  15.90518339,    18.54043136,  -4.23506763,  16.94986649,  33.45904275,  67.52296212,    33.51841273,  10.54277032,   4.0395992 ], [  24.28755921,   6.85081233,   6.41843229,  10.46909457,   6.34247417,     6.975802  ,  -2.8075351 ,   7.06688889,  19.33572629,  33.51841273,    70.49732997,  29.60631226,   9.98431456], [  19.97008712,  16.90187182,  -3.90145688,   5.77252824,   2.97535127,    10.14997423,  11.66947625,   7.8182074 ,   2.33816541,  10.54277032,    29.60631226,  55.90231784,  25.02861483], [  24.67158476,  -7.20919653,  20.72964063,  16.59346698,   7.03838398,     8.53499985,   4.40570703,  12.95298617,   7.64529964,   4.0395992 ,     9.98431456,  25.02861483,  53.56318492]]
music/THRONES2.mp3; [-727.6414   , 190.75829  , -26.650211 ,  26.675072 ,  -6.981701 ,  -10.087262 , -10.193321 , -12.862427 ,  -6.211948 ,  -5.04366  ,   -4.636064 ,   3.5885384,   3.6419873]; [[18629.37001636, 4486.18648407,  -66.85560017, 2074.30455519,    598.3832355 , 1395.48646184,  851.51717382,  963.9156383 ,    680.04194647,  707.87057913,  365.84811528,   42.7322102 ,   -177.33957544], [ 4486.18648407, 2013.22211773,  200.74000379,  580.91513659,    171.57243527,  349.18556782,  219.46650941,  214.20879922,    160.43794404,  150.49195926,   77.91880471,  -27.08722514,    -90.8566648 ], [  -66.85560017,  200.74000379,  749.26480874,  149.30310387,    233.16933143,  213.23403847,  163.07718714,  211.47017584,    117.69060468,  146.92651156,  124.1631373 ,   42.16835363,     10.419354  ], [ 2074.30455519,  580.91513659,  149.30310387,  485.78539477,    198.52096955,  299.91505883,  177.81532132,  195.40086734,    144.28092282,  136.25523811,   72.3869248 ,   -4.71932996,    -36.0855775 ], [  598.3832355 ,  171.57243527,  233.16933143,  198.52096955,    277.37963874,  209.62728745,  130.37168916,  144.8870998 ,     99.79441889,  113.24182787,   48.78983912,   -3.91652542,     -4.49311458], [ 1395.48646184,  349.18556782,  213.23403847,  299.91505883,    209.62728745,  328.82111773,  187.84214924,  194.93587775,    129.93340144,  136.12704995,   74.23527798,   -0.01408042,    -23.30365733], [  851.51717382,  219.46650941,  163.07718714,  177.81532132,    130.37168916,  187.84214924,  207.90803812,  161.12079652,     95.29498527,   86.40676872,   38.00284746,   -9.42300874,    -40.08747768], [  963.9156383 ,  214.20879922,  211.47017584,  195.40086734,    144.8870998 ,  194.93587775,  161.12079652,  246.42798806,    122.9507291 ,   96.29062198,   59.33218472,   -0.85375606,    -30.05132104], [  680.04194647,  160.43794404,  117.69060468,  144.28092282,     99.79441889,  129.93340144,   95.29498527,  122.9507291 ,    143.75470158,   90.11581798,   39.55573851,    6.86850007,    -14.39293066], [  707.87057913,  150.49195926,  146.92651156,  136.25523811,    113.24182787,  136.12704995,   86.40676872,   96.29062198,     90.11581798,  156.25889203,   76.16690772,   26.14916747,     14.42657154], [  365.84811528,   77.91880471,  124.1631373 ,   72.3869248 ,     48.78983912,   74.23527798,   38.00284746,   59.33218472,     39.55573851,   76.16690772,  137.8541593 ,   72.48164956,     25.65923007], [   42.7322102 ,  -27.08722514,   42.16835363,   -4.71932996,     -3.91652542,   -0.01408042,   -9.42300874,   -0.85375606,      6.86850007,   26.14916747,   72.48164956,  121.13399875,     61.23171557], [ -177.33957544,  -90.8566648 ,   10.419354  ,  -36.0855775 ,     -4.49311458,  -23.30365733,  -40.08747768,  -30.05132104,    -14.39293066,   14.42657154,   25.65923007,   61.23171557,    125.99695021]]
