music/TNT2.mp3; [-532.5504    , 116.28008   , -15.93396   ,  26.597532  ,   8.744552  ,   10.547948  ,   3.665058  ,  10.017697  ,   7.490916  ,   0.02715005,   -1.0655788 ,   1.4870671 ,   0.61142296]; [[6491.50521842,-407.84614373, 545.11448182,-149.4697167 , 183.63360186,   -34.12464216,  -5.36411095,-188.92042974,  46.09775257, -31.43808404,   -34.99754719,  99.212981  , 107.91723661], [-407.84614373,1097.96589717,-446.19399412, 126.00643409, -91.20821846,    58.04244217, -41.99565452, -31.67751059, -12.96108934, -49.00444302,   -65.79255735,   3.56959139, -55.23762645], [ 545.11448182,-446.19399412, 771.3008894 ,  31.82567752, 101.8890573 ,    66.66136989,   2.46351438, -43.67745438, -15.64566357,  14.95636127,    47.06661911,  16.69843664,  52.92803115], [-149.4697167 , 126.00643409,  31.82567752, 283.24738437,  26.83337157,    16.52151354, -38.08173798,   1.8999177 ,  -4.04646252, -11.48756734,    -0.09076911,  35.32049656,  -7.7491566 ], [ 183.63360186, -91.20821846, 101.8890573 ,  26.83337157, 155.9030597 ,    12.26889083,  -0.72165624, -18.01495037,  22.28000463,   2.93801402,    13.38817213,  17.34676267,  16.20112552], [ -34.12464216,  58.04244217,  66.66136989,  16.52151354,  12.26889083,   149.43879341,  36.06232809,  10.04852201,   1.45957943,   4.13936992,    -2.91715294,  -5.74891647,  -0.30594282], [  -5.36411095, -41.99565452,   2.46351438, -38.08173798,  -0.72165624,    36.06232809, 111.4766578 ,  47.87108646,  18.48580923,   5.28571955,     5.37799908,  -2.89698909,  -1.77738057], [-188.92042974, -31.67751059, -43.67745438,   1.8999177 , -18.01495037,    10.04852201,  47.87108646, 115.6095513 ,  30.14203694,  11.59928897,     7.11524059, -10.57716221,  -2.88141506], [  46.09775257, -12.96108934, -15.64566357,  -4.04646252,  22.28000463,     1.45957943,  18.48580923,  30.14203694,  79.18118571,  31.74199758,     7.82749613,  15.22867964,  10.15264808], [ -31.43808404, -49.00444302,  14.95636127, -11.48756734,   2.93801402,     4.13936992,   5.28571955,  11.59928897,  31.74199758,  72.70717689,    33.34436448,   8.41802445,   5.59370261], [ -34.99754719, -65.79255735,  47.06661911,  -0.09076911,  13.38817213,    -2.91715294,   5.37799908,   7.11524059,   7.82749613,  33.34436448,    71.37595135,  28.51838254,   5.6341729 ], [  99.212981  ,   3.56959139,  16.69843664,  35.32049656,  17.34676267,    -5.74891647,  -2.89698909, -10.57716221,  15.22867964,   8.41802445,    28.51838254,  78.24740417,  31.49563265], [ 107.91723661, -55.23762645,  52.92803115,  -7.7491566 ,  16.20112552,    -0.30594282,  -1.77738057,  -2.88141506,  10.15264808,   5.59370261,     5.6341729 ,  31.49563265,  65.86017584]]
