music/Rock/Pvris - My House.mp3; [-564.31854   , 121.164246  , -22.53595   ,  11.368791  ,  -7.2738853 ,    3.940281  ,   5.3013396 ,  -0.73330146,   0.75850374,  -0.8664437 ,    0.19612233,  -2.7620509 ,  -1.7730091 ]; [[14067.62370597,-1998.27576541,  623.88556986,  757.16248795,    631.2979469 ,  480.94982214,  373.88105237,  672.41980728,    270.55386272,  314.39811198,    6.98002037,  187.17028193,    162.91389634], [-1998.27576541, 2637.4053681 , -186.09794914,   32.78159654,     -9.48370605,  133.71680645,  162.28286941, -135.40726504,     72.51063191,  -38.2505726 ,   82.58671413,  -16.08299379,    -12.50715382], [  623.88556986, -186.09794914, 1492.67701817,  163.4071886 ,    382.95442668,  251.40560188,  147.1626134 ,  178.47839147,    130.42384041,  108.49961669,   53.83461389,   52.04813865,     87.63516098], [  757.16248795,   32.78159654,  163.4071886 ,  532.89386015,    154.73603332,  149.58725927,   73.78878517,  123.63235089,     97.28269855,   59.97698448,    3.47658414,   27.11540302,      1.76511807], [  631.2979469 ,   -9.48370605,  382.95442668,  154.73603332,    335.38464664,  151.84941761,  104.61743689,  111.53262974,     97.61905538,   76.13837042,   18.36435099,   33.33217186,     25.3986099 ], [  480.94982214,  133.71680645,  251.40560188,  149.58725927,    151.84941761,  280.89648211,  116.33635887,  113.13746848,     43.43019068,   80.72515539,   33.25330794,   25.71235203,     16.07112902], [  373.88105237,  162.28286941,  147.1626134 ,   73.78878517,    104.61743689,  116.33635887,  230.96387692,   54.38571103,     67.92411312,   58.73555475,   48.06159603,   17.75893171,     26.80639066], [  672.41980728, -135.40726504,  178.47839147,  123.63235089,    111.53262974,  113.13746848,   54.38571103,  205.93452935,     65.86338442,   69.47470685,    9.30145317,   34.53980577,     24.01415728], [  270.55386272,   72.51063191,  130.42384041,   97.28269855,     97.61905538,   43.43019068,   67.92411312,   65.86338442,    149.47683696,   47.56217084,   27.04564806,   15.86813478,     28.67312026], [  314.39811198,  -38.2505726 ,  108.49961669,   59.97698448,     76.13837042,   80.72515539,   58.73555475,   69.47470685,     47.56217084,  115.2349517 ,   33.00670653,   20.03887884,     15.46194463], [    6.98002037,   82.58671413,   53.83461389,    3.47658414,     18.36435099,   33.25330794,   48.06159603,    9.30145317,     27.04564806,   33.00670653,   90.79754568,   29.3263543 ,     22.63473683], [  187.17028193,  -16.08299379,   52.04813865,   27.11540302,     33.33217186,   25.71235203,   17.75893171,   34.53980577,     15.86813478,   20.03887884,   29.3263543 ,   87.77925463,     34.2789125 ], [  162.91389634,  -12.50715382,   87.63516098,    1.76511807,     25.3986099 ,   16.07112902,   26.80639066,   24.01415728,     28.67312026,   15.46194463,   22.63473683,   34.2789125 ,     92.97296858]]
music/Rock/The Offspring - You're Gonna Go Far Kid.mp3; [-487.8764    ,  90.854324  ,  -2.313663  ,  26.665695  ,   3.425534  ,    7.7990394 ,   3.8212416 ,  17.459703  ,   4.060777  ,   7.638058  ,    3.008214  ,   0.9544235 ,   0.71950734]; [[7832.21172311, 575.16485684,-384.24760815, -34.78786449,-160.13773339,    20.34947968,-104.6805787 , 122.92508194, -56.32980936, -17.29717515,   -19.69876297, -78.35291253, -30.70542936], [ 575.16485684, 890.81550432,-315.63869723,  91.82223746,  30.11549249,    12.6453668 ,  62.24466933, 103.59384692,  -9.61376354,  50.74340422,    47.43834855, -25.74742468,  20.72955645], [-384.24760815,-315.63869723, 516.74046534,  20.87808147,  52.09983054,    34.36532511,  19.88652827, -65.13309638,  15.92776978, -23.52695428,   -32.59003411,  56.1592484 ,  -1.81234738], [ -34.78786449,  91.82223746,  20.87808147, 206.66758493,  78.98014725,     3.04921673,   5.70064246,  47.90003258,  11.80568663,   9.74900462,    -6.34747658,   2.34154866,  21.19187142], [-160.13773339,  30.11549249,  52.09983054,  78.98014725, 196.43459499,   -11.18981169,  -8.49892853,  27.64104538,   8.84471804,  28.33194029,   -17.29416253,  19.93511303,  34.42988089], [  20.34947968,  12.6453668 ,  34.36532511,   3.04921673, -11.18981169,   163.05169898,  66.64354438,  10.65505502,  13.49919732,   4.47439604,    35.85683254, -10.08182278, -14.18496241], [-104.6805787 ,  62.24466933,  19.88652827,   5.70064246,  -8.49892853,    66.64354438, 177.37999919,  22.61755782,   7.8013169 ,   2.31945866,    24.82830672,  13.6922948 ,  -8.05489407], [ 122.92508194, 103.59384692, -65.13309638,  47.90003258,  27.64104538,    10.65505502,  22.61755782, 149.64137661,  23.31178191,  26.28720529,    23.74656628, -17.07637554,  13.94033032], [ -56.32980936,  -9.61376354,  15.92776978,  11.80568663,   8.84471804,    13.49919732,   7.8013169 ,  23.31178191,  85.33734606,  25.44607642,    10.49133003,  -8.92334392,  -7.05312341], [ -17.29717515,  50.74340422, -23.52695428,   9.74900462,  28.33194029,     4.47439604,   2.31945866,  26.28720529,  25.44607642,  79.91782534,    35.23534316,  -1.90632919,   1.28741351], [ -19.69876297,  47.43834855, -32.59003411,  -6.34747658, -17.29416253,    35.85683254,  24.82830672,  23.74656628,  10.49133003,  35.23534316,   101.4117208 ,   6.36822097,  -1.88267298], [ -78.35291253, -25.74742468,  56.1592484 ,   2.34154866,  19.93511303,   -10.08182278,  13.6922948 , -17.07637554,  -8.92334392,  -1.90632919,     6.36822097,  87.40200411,  33.15095649], [ -30.70542936,  20.72955645,  -1.81234738,  21.19187142,  34.42988089,   -14.18496241,  -8.05489407,  13.94033032,  -7.05312341,   1.28741351,    -1.88267298,  33.15095649,  73.67206997]]
music/Rock/Blink-182 - Adam's Song.mp3; [-566.37787   , 125.59046   ,  -6.033349  ,  30.796017  ,   1.2732596 ,   11.255922  ,   0.20845786,   4.440922  ,  -1.3256099 ,   1.3929573 ,   -1.8187499 ,  -3.7356458 ,  -6.981026  ]; [[10961.57442464,-3533.13590156,  493.10881272, -273.12465893,   -773.14252202,  604.76014005,  -55.15753733,  389.45249352,    396.22616504,  245.45563279,    6.79393333,   23.76951837,    252.38294396], [-3533.13590156, 2014.87266907, -599.89684486,   80.12009699,    239.3531305 , -275.69217305,   26.80823048, -143.56746617,   -114.52141743,  -61.47571857,   23.7941605 ,   28.61592559,    -75.69708006], [  493.10881272, -599.89684486,  705.22165377,   92.44582116,     18.37275595,  199.69186407,   35.28329319,   70.50572892,     64.02018795,   40.90733347,   -8.32970661,  -17.97509617,     56.57521995], [ -273.12465893,   80.12009699,   92.44582116,  251.04236096,     74.72503834,   39.81245138,   15.50778326,   -2.01794913,     48.53371964,   37.90026865,  -20.45112331,   -0.186391  ,     32.45973645], [ -773.14252202,  239.3531305 ,   18.37275595,   74.72503834,    200.16211576,   -6.14968928,    5.99969334,  -25.39818973,      0.15675748,    8.07281579,  -10.85173634,   -5.39998781,     -5.76508955], [  604.76014005, -275.69217305,  199.69186407,   39.81245138,     -6.14968928,  217.01110855,   50.31833165,   66.97936066,     57.242168  ,   51.48502741,   17.60493388,   -6.57507571,     33.36681787], [  -55.15753733,   26.80823048,   35.28329319,   15.50778326,      5.99969334,   50.31833165,  128.40323756,   56.802345  ,      9.59965141,   -1.90361144,   18.43463376,   10.62762777,    -16.53150041], [  389.45249352, -143.56746617,   70.50572892,   -2.01794913,    -25.39818973,   66.97936066,   56.802345  ,  129.85853947,     56.50498755,   15.57549188,   19.23819258,    3.520597  ,     12.55234379], [  396.22616504, -114.52141743,   64.02018795,   48.53371964,      0.15675748,   57.242168  ,    9.59965141,   56.50498755,    122.41635087,   55.44251096,   -4.93050163,   -4.91331129,     28.63020842], [  245.45563279,  -61.47571857,   40.90733347,   37.90026865,      8.07281579,   51.48502741,   -1.90361144,   15.57549188,     55.44251096,  103.75028883,   16.46596527,   -3.47487825,     31.76603468], [    6.79393333,   23.7941605 ,   -8.32970661,  -20.45112331,    -10.85173634,   17.60493388,   18.43463376,   19.23819258,     -4.93050163,   16.46596527,   98.98122906,   31.7477373 ,    -22.94714998], [   23.76951837,   28.61592559,  -17.97509617,   -0.186391  ,     -5.39998781,   -6.57507571,   10.62762777,    3.520597  ,     -4.91331129,   -3.47487825,   31.7477373 ,   70.07711512,      7.98862165], [  252.38294396,  -75.69708006,   56.57521995,   32.45973645,     -5.76508955,   33.36681787,  -16.53150041,   12.55234379,     28.63020842,   31.76603468,  -22.94714998,    7.98862165,    102.13245258]]
music/Rock/twenty one pilots - Car Radio.mp3; [-608.8831    , 114.88185   ,  18.779858  ,  10.031172  ,   6.293902  ,   -1.4514576 ,   3.0785832 ,  -0.75952214,  -3.8590853 ,   0.8246017 ,   -4.192876  ,  -1.0524564 ,  -0.12374227]; [[16047.43973101,-3207.0567839 ,-1372.09595457,   52.66601904,    300.17103419,  497.73765935,  331.88178127,  660.19058216,    739.55098776,  372.32984681,  332.4831711 ,  177.49599365,    157.05247652], [-3207.0567839 , 2576.58609795, -166.43968495, -259.05309673,    -93.58018862, -150.69568275,   38.2821731 , -152.16173554,   -231.07055678,   23.55289246,  -54.45425405,  -77.40859353,    -41.24464683], [-1372.09595457, -166.43968495, 1202.48628282,  202.02816107,      3.17259495,  333.67557146,   12.90832632,    8.35395812,     51.16349714,  -85.05384879,   45.1842272 ,   38.1791908 ,    -28.48888777], [   52.66601904, -259.05309673,  202.02816107,  433.05212014,    106.74548214,   54.00687772,  -11.12423574,   47.14096532,     53.06603256,  -32.50159782,   -3.96409553,   38.31579636,     22.78759421], [  300.17103419,  -93.58018862,    3.17259495,  106.74548214,    271.63104092,   36.37811503,  -16.39696466,   15.51471789,     73.8020962 ,   22.69925296,    5.67277832,   25.47302161,     30.00898531], [  497.73765935, -150.69568275,  333.67557146,   54.00687772,     36.37811503,  493.20536626,  139.84428547,   99.31193698,    142.23578912,   18.85597812,  109.04976863,   44.72668675,     13.9933037 ], [  331.88178127,   38.2821731 ,   12.90832632,  -11.12423574,    -16.39696466,  139.84428547,  214.97060025,  109.97426758,     49.65667729,   37.92649471,   61.15653657,   28.07972652,     18.33745137], [  660.19058216, -152.16173554,    8.35395812,   47.14096532,     15.51471789,   99.31193698,  109.97426758,  192.70072936,     88.77190447,   14.73886729,   56.76353434,   27.19012833,     18.14193429], [  739.55098776, -231.07055678,   51.16349714,   53.06603256,     73.8020962 ,  142.23578912,   49.65667729,   88.77190447,    191.91503029,   53.99356462,   53.18267265,   33.54480679,     17.96698408], [  372.32984681,   23.55289246,  -85.05384879,  -32.50159782,     22.69925296,   18.85597812,   37.92649471,   14.73886729,     53.99356462,  124.24899964,   39.14745276,    8.60368379,     14.26236302], [  332.4831711 ,  -54.45425405,   45.1842272 ,   -3.96409553,      5.67277832,  109.04976863,   61.15653657,   56.76353434,     53.18267265,   39.14745276,  113.69164121,   40.79388467,      9.89419871], [  177.49599365,  -77.40859353,   38.1791908 ,   38.31579636,     25.47302161,   44.72668675,   28.07972652,   27.19012833,     33.54480679,    8.60368379,   40.79388467,   88.56748479,     33.79712389], [  157.05247652,  -41.24464683,  -28.48888777,   22.78759421,     30.00898531,   13.9933037 ,   18.33745137,   18.14193429,     17.96698408,   14.26236302,    9.89419871,   33.79712389,     83.57666832]]
music/Rock/Rise Against - Prayer of the Refugee.mp3; [-490.074    , 114.19429  , -14.320496 ,  32.115726 ,   2.3922577,    7.4629917,   1.8689231,   3.8191772,  -0.9901992,  -2.5395622,   -2.4397871,  -0.849966 ,  -2.584607 ]; [[ 5900.55281217,-2020.24982389,  496.30773742, -770.513438  ,   -154.5787223 ,   38.55203624,   88.18272241,  175.96343115,     47.23231362,  246.9610578 ,  -63.98051807,   61.47932387,   -105.60621919], [-2020.24982389, 1382.42573693, -385.33113266,  507.38393382,    -14.62239231,   41.21090042,   -8.51447489,  -60.97432686,     28.67853072, -151.39152071,   55.42205721,  -21.93587151,     56.73571184], [  496.30773742, -385.33113266,  570.32470283, -118.81343609,    159.01985796,   21.15804116,   18.76908043,   13.68373262,    -18.9861091 ,   68.35941749,  -25.67744661,   22.22124538,     -2.49773921], [ -770.513438  ,  507.38393382, -118.81343609,  401.20305806,     68.62971363,   75.47885354,  -50.24214102,  -43.83623684,     30.694515  ,  -59.16848446,   37.17383168,  -10.10727531,     29.27623639], [ -154.5787223 ,  -14.62239231,  159.01985796,   68.62971363,    203.03075455,   37.77991291,    0.22639373,  -15.37379506,      1.53640221,   38.54956882,    4.59261658,    5.80669739,      6.18249426], [   38.55203624,   41.21090042,   21.15804116,   75.47885354,     37.77991291,  109.67050146,   29.94402426,   20.80797557,     23.07369642,   -8.35377946,   12.76488963,    4.54180824,     -5.13041002], [   88.18272241,   -8.51447489,   18.76908043,  -50.24214102,      0.22639373,   29.94402426,  135.30624331,   78.88322222,     27.10544208,   22.2940097 ,    5.99384636,   17.7947295 ,      2.07263558], [  175.96343115,  -60.97432686,   13.68373262,  -43.83623684,    -15.37379506,   20.80797557,   78.88322222,   99.64577889,     39.96889872,   22.00631339,    3.27004836,   10.25658307,     -3.77942105], [   47.23231362,   28.67853072,  -18.9861091 ,   30.694515  ,      1.53640221,   23.07369642,   27.10544208,   39.96889872,     74.82845284,   23.32937649,   19.78514505,    7.17417505,      1.35466773], [  246.9610578 , -151.39152071,   68.35941749,  -59.16848446,     38.54956882,   -8.35377946,   22.2940097 ,   22.00631339,     23.32937649,  104.77648776,   24.7065571 ,   22.85524686,      4.67877435], [  -63.98051807,   55.42205721,  -25.67744661,   37.17383168,      4.59261658,   12.76488963,    5.99384636,    3.27004836,     19.78514505,   24.7065571 ,   60.89908408,   29.69122455,     10.07839344], [   61.47932387,  -21.93587151,   22.22124538,  -10.10727531,      5.80669739,    4.54180824,   17.7947295 ,   10.25658307,      7.17417505,   22.85524686,   29.69122455,   63.49527151,     24.53589428], [ -105.60621919,   56.73571184,   -2.49773921,   29.27623639,      6.18249426,   -5.13041002,    2.07263558,   -3.77942105,      1.35466773,    4.67877435,   10.07839344,   24.53589428,     54.56218374]]
music/Rock/Red Hot Chili Peppers - Snow (Hey Oh).mp3; [-515.9685   , 121.75071  ,   5.8468947,  31.46182  ,   4.000934 ,    3.3607905, -12.923846 ,   0.985695 ,  -5.69625  ,  -3.4627736,   -2.8540134,  -4.038768 ,  -1.9223144]; [[ 7747.07980369,-1343.94980237,  284.64349756,  -31.92795311,   -251.0403405 ,  221.14031384, -139.78231638,   45.37002882,    -26.01221462,  110.14615398,   58.63372168, -111.96899201,    -14.97312231], [-1343.94980237, 1418.56432436, -159.64729096,  -17.54608013,     66.97835402,  -16.97639142,  103.29084357,  116.81144604,     52.11311725,  -30.32107398,   -0.63203356,   47.23085796,     19.40925384], [  284.64349756, -159.64729096,  623.56331398,  -18.7820656 ,    112.33305196,  194.91102252,   82.90467926,  111.96859138,    107.54188271,   25.15579931,   18.91238488,   10.32156093,      6.74856754], [  -31.92795311,  -17.54608013,  -18.7820656 ,  338.87168415,     83.19056319,  -21.16768088,  -11.3684228 ,  -25.12674283,     20.16033256,   39.89131299,    2.74765632,   15.82000854,     39.37259346], [ -251.0403405 ,   66.97835402,  112.33305196,   83.19056319,    250.00011315,   85.26430954,   53.71764889,   26.17507296,     25.17167139,   18.90896459,   -0.86474111,  -12.21260132,     -9.24686304], [  221.14031384,  -16.97639142,  194.91102252,  -21.16768088,     85.26430954,  222.60900855,   69.40591408,   82.70888   ,     60.87149884,   26.95772344,   41.4551094 ,    8.8733643 ,     -4.61907121], [ -139.78231638,  103.29084357,   82.90467926,  -11.3684228 ,     53.71764889,   69.40591408,  185.57864813,   89.89436662,     23.96266756,    2.98766287,   17.03460582,    6.59962478,    -11.54371524], [   45.37002882,  116.81144604,  111.96859138,  -25.12674283,     26.17507296,   82.70888   ,   89.89436662,  164.14790668,     50.4111829 ,   16.12129426,   29.13341681,    9.2991154 ,      2.32569792], [  -26.01221462,   52.11311725,  107.54188271,   20.16033256,     25.17167139,   60.87149884,   23.96266756,   50.4111829 ,    141.1040933 ,   41.58767475,    4.47913337,   23.54903462,     17.09853228], [  110.14615398,  -30.32107398,   25.15579931,   39.89131299,     18.90896459,   26.95772344,    2.98766287,   16.12129426,     41.58767475,   99.93009443,   45.17550783,   18.52968857,      6.11729344], [   58.63372168,   -0.63203356,   18.91238488,    2.74765632,     -0.86474111,   41.4551094 ,   17.03460582,   29.13341681,      4.47913337,   45.17550783,  104.13155326,   38.75764408,      9.3847407 ], [ -111.96899201,   47.23085796,   10.32156093,   15.82000854,    -12.21260132,    8.8733643 ,    6.59962478,    9.2991154 ,     23.54903462,   18.52968857,   38.75764408,   90.73462931,     43.59071812], [  -14.97312231,   19.40925384,    6.74856754,   39.37259346,     -9.24686304,   -4.61907121,  -11.54371524,    2.32569792,     17.09853228,    6.11729344,    9.3847407 ,   43.59071812,     90.10129737]]
music/Rock/Radiohead - Creep.mp3; [-635.0405    , 110.50531   ,  19.917202  ,  33.012238  ,  27.887283  ,    9.849707  ,  -4.747587  ,   3.5400991 ,  -0.14200391,   1.2899786 ,   -3.1879838 ,   3.163077  ,   1.4048144 ]; [[21774.06699452,-2599.55250347,-2888.34433101,   -8.70272956,   -472.6476362 ,-1204.41551478, -641.66083098, -409.94334912,   -166.56935606,  -75.22756688,   38.73441467,  221.946666  ,     64.23612009], [-2599.55250347, 1993.12786011,  284.01754816,  -35.99984167,    164.41086592,  156.63115898,   34.10644234,  112.47897444,    -19.79155747,   36.62750175,  -13.71605062,   -6.7730583 ,     18.59383505], [-2888.34433101,  284.01754816, 1330.47352045,  -24.23674445,     13.94613409,  325.43555556,  177.03896197,   70.03023839,      8.460311  ,   79.0029604 ,   62.25925308,  -50.26298657,    -32.467289  ], [   -8.70272956,  -35.99984167,  -24.23674445,  333.47675279,    112.79185471,   70.58848536,   17.79985813,  -14.83454908,     36.51631994,  -23.58982028,  -31.69791449,  -14.60747194,      4.62733241], [ -472.6476362 ,  164.41086592,   13.94613409,  112.79185471,    286.17926926,   93.75422184,   27.61014061,   11.80872642,     55.59360114,  -24.10196838,  -44.97564994,   -7.89337969,     19.34732383], [-1204.41551478,  156.63115898,  325.43555556,   70.58848536,     93.75422184,  264.09542529,   95.97189338,   37.40261616,     40.140456  ,    5.99915653,  -22.69853283,  -25.73228967,     -0.52780471], [ -641.66083098,   34.10644234,  177.03896197,   17.79985813,     27.61014061,   95.97189338,  138.15245602,   47.49074647,     23.73536847,    3.45833266,    6.54846288,  -14.56353502,    -10.2232363 ], [ -409.94334912,  112.47897444,   70.03023839,  -14.83454908,     11.80872642,   37.40261616,   47.49074647,  110.52772659,     39.0186968 ,    6.01606221,  -22.32015751,  -10.79208242,     -4.56602276], [ -166.56935606,  -19.79155747,    8.460311  ,   36.51631994,     55.59360114,   40.140456  ,   23.73536847,   39.0186968 ,    108.8838672 ,    6.05528579,  -23.30657147,  -19.36447892,      1.19933472], [  -75.22756688,   36.62750175,   79.0029604 ,  -23.58982028,    -24.10196838,    5.99915653,    3.45833266,    6.01606221,      6.05528579,   89.27894418,   44.73164261,   -2.26749879,    -13.21986598], [   38.73441467,  -13.71605062,   62.25925308,  -31.69791449,    -44.97564994,  -22.69853283,    6.54846288,  -22.32015751,    -23.30657147,   44.73164261,   97.43751813,   24.60161149,    -12.11217243], [  221.946666  ,   -6.7730583 ,  -50.26298657,  -14.60747194,     -7.89337969,  -25.73228967,  -14.56353502,  -10.79208242,    -19.36447892,   -2.26749879,   24.60161149,   65.41626257,     28.08887523], [   64.23612009,   18.59383505,  -32.467289  ,    4.62733241,     19.34732383,   -0.52780471,  -10.2232363 ,   -4.56602276,      1.19933472,  -13.21986598,  -12.11217243,   28.08887523,     73.49984446]]
music/Rock/Wallows - Scrawny [Explicit].mp3; [-535.0427   , 125.94846  ,  -4.836942 ,  33.454002 ,   7.396437 ,    8.60502  ,   2.9780858,  10.715451 ,   1.3974916,  10.599478 ,    1.372517 ,   4.357088 ,   2.5662932]; [[10274.25942936, -521.21481026,  411.51109547,  775.67576475,    202.83641164,  210.98625901,   20.67878021,  289.96873617,    170.44838962,  113.69797316,   83.18631572,   76.09964135,    -25.63567293], [ -521.21481026, 1269.7281408 , -418.42208289,  165.43422356,     69.04591055,  -31.70437884,  127.04946246,   65.17164993,    -41.65822331,   94.22891878,   -7.24431257,   41.49112893,     76.32264827], [  411.51109547, -418.42208289,  461.5786489 ,  -18.39931979,     28.16446141,    7.7707672 ,  -42.10112467,  -55.22784618,     -1.96158746,  -32.64441667,  -10.90429964,   -6.35196596,      6.74835511], [  775.67576475,  165.43422356,  -18.39931979,  337.22232545,     71.28054873,   41.34356358,   24.65409815,   43.16924994,     18.20219978,   35.03496504,   -0.92977465,   17.19007189,     32.16831262], [  202.83641164,   69.04591055,   28.16446141,   71.28054873,    201.3248862 ,    7.67130957,   12.57609037,    6.98553048,     18.07891574,   45.84568466,   -2.72197762,    9.86839959,     37.97413031], [  210.98625901,  -31.70437884,    7.7707672 ,   41.34356358,      7.67130957,  130.13356697,   30.08886617,   44.37698185,     29.95696647,   -2.76388662,   18.69387836,    2.37915005,    -15.08350255], [   20.67878021,  127.04946246,  -42.10112467,   24.65409815,     12.57609037,   30.08886617,  135.35605004,   44.97551453,     25.99493262,   18.25775181,   21.27989391,   19.85280093,     11.35268261], [  289.96873617,   65.17164993,  -55.22784618,   43.16924994,      6.98553048,   44.37698185,   44.97551453,  151.34683731,     46.49019735,   27.72866614,   17.2055407 ,   15.12264672,      3.13740949], [  170.44838962,  -41.65822331,   -1.96158746,   18.20219978,     18.07891574,   29.95696647,   25.99493262,   46.49019735,     96.6918727 ,   13.23052326,   25.39461029,    2.64799461,     -6.19642346], [  113.69797316,   94.22891878,  -32.64441667,   35.03496504,     45.84568466,   -2.76388662,   18.25775181,   27.72866614,     13.23052326,  102.53846308,   22.29109497,   18.59465013,     17.63562462], [   83.18631572,   -7.24431257,  -10.90429964,   -0.92977465,     -2.72197762,   18.69387836,   21.27989391,   17.2055407 ,     25.39461029,   22.29109497,   77.6294673 ,   22.79882756,     -3.28347203], [   76.09964135,   41.49112893,   -6.35196596,   17.19007189,      9.86839959,    2.37915005,   19.85280093,   15.12264672,      2.64799461,   18.59465013,   22.79882756,   60.33782692,     22.45364156], [  -25.63567293,   76.32264827,    6.74835511,   32.16831262,     37.97413031,  -15.08350255,   11.35268261,    3.13740949,     -6.19642346,   17.63562462,   -3.28347203,   22.45364156,     73.66626332]]
