music/RACH1.mp3; [-916.7625   , 169.65031  ,  18.384865 ,  -6.841856 , -14.652506 ,  -13.23319  , -13.994617 ,  -9.978118 ,  -6.0902495,  -5.564202 ,   -5.5541058,  -5.3319945,  -3.724326 ]; [[16062.45395393, 5161.18549229,-4989.9484948 , -399.25549787,   -413.09309943, -130.43098697, -578.1136254 , -172.8832936 ,    -29.35989054,  -75.34430944,  -35.24362268, -120.8454825 ,   -153.59300179], [ 5161.18549229, 2843.58543583,-1230.64509596, -470.16906363,    -88.25299014, -129.56463344, -203.92766841, -134.54427083,    -17.04301568,  -43.41537981,  -35.34095966,  -49.72318353,    -45.46103961], [-4989.9484948 ,-1230.64509596, 2123.66638091,  105.83213098,      6.00509511,   31.70665556,  166.45849296,   40.67455114,    -22.4463002 ,   -1.17772855,  -27.96888388,    6.74049431,     36.1215189 ], [ -399.25549787, -470.16906363,  105.83213098,  290.60421271,     15.9594461 ,    8.38381315,   38.08276185,   32.54826297,      0.23994048,  -19.10205241,   -9.98580851,   -6.17560183,     -2.60252606], [ -413.09309943,  -88.25299014,    6.00509511,   15.9594461 ,    177.99918406,   31.59592592,   19.4140918 ,   -3.76138598,     -0.06712724,   -6.37105588,  -10.11571759,    3.14488657,      7.443223  ], [ -130.43098697, -129.56463344,   31.70665556,    8.38381315,     31.59592592,   96.62721783,   33.43012594,    7.74099703,     -5.91046113,   -7.02335146,   -8.25951485,  -11.11045742,     -2.25840372], [ -578.1136254 , -203.92766841,  166.45849296,   38.08276185,     19.4140918 ,   33.43012594,   88.83898254,   40.6011599 ,      9.43203468,   -2.93013493,   -5.03245426,   -0.7267131 ,      0.91523943], [ -172.8832936 , -134.54427083,   40.67455114,   32.54826297,     -3.76138598,    7.74099703,   40.6011599 ,   71.4402541 ,     30.67662643,    1.1928095 ,   -3.53234916,   -1.27787639,     -0.84389559], [  -29.35989054,  -17.04301568,  -22.4463002 ,    0.23994048,     -0.06712724,   -5.91046113,    9.43203468,   30.67662643,     53.95459328,   22.23624135,    2.43478006,    1.40021408,      0.33226174], [  -75.34430944,  -43.41537981,   -1.17772855,  -19.10205241,     -6.37105588,   -7.02335146,   -2.93013493,    1.1928095 ,     22.23624135,   51.2992248 ,   25.35901261,    7.32458009,     -0.44051654], [  -35.24362268,  -35.34095966,  -27.96888388,   -9.98580851,    -10.11571759,   -8.25951485,   -5.03245426,   -3.53234916,      2.43478006,   25.35901261,   51.46646855,   27.68091693,      1.87765366], [ -120.8454825 ,  -49.72318353,    6.74049431,   -6.17560183,      3.14488657,  -11.11045742,   -0.7267131 ,   -1.27787639,      1.40021408,    7.32458009,   27.68091693,   50.13603505,     21.43252353], [ -153.59300179,  -45.46103961,   36.1215189 ,   -2.60252606,      7.443223  ,   -2.25840372,    0.91523943,   -0.84389559,      0.33226174,   -0.44051654,    1.87765366,   21.43252353,     38.15964846]]
music/SPACE2.mp3; [-558.74176   ,  91.39277   , -11.58372   ,  45.174366  ,   8.369196  ,    5.8301797 ,  -0.76415503,   3.7758634 ,   0.6905702 ,  -4.6792884 ,   -3.0030816 ,  -1.0868523 ,  -0.21205941]; [[11635.90296479, -793.65159999, -317.09222461, 1401.51169552,    599.76565977,  483.08741554,  376.15604377,  522.04278742,    336.60776655,  192.46003738,  184.29690094,   80.74802129,   -108.4702514 ], [ -793.65159999,  903.00797071,   -7.69143302, -423.41458508,   -200.63023243,  -81.48626867,  -44.22485058, -116.65243569,   -101.57835938,  -48.61910851,  -58.33150685,  -43.66245545,     -7.9735922 ], [ -317.09222461,   -7.69143302,  368.6469856 ,   22.56873321,     93.78924021,  -29.73069991,  -27.35007806,  -28.73030745,    -32.64638178,   18.89665332,  -12.5226207 ,   24.12903132,     20.05897148], [ 1401.51169552, -423.41458508,   22.56873321,  900.96067263,    322.51145049,   95.42983269,   -1.37241013,   87.19643095,    129.89168342,   48.70932456,   82.42242511,   36.46017632,      7.89502259], [  599.76565977, -200.63023243,   93.78924021,  322.51145049,    222.03117303,   69.32928933,   24.95480475,   32.71402862,     49.85909113,   36.12578201,   34.05106513,   22.91970203,      3.17432306], [  483.08741554,  -81.48626867,  -29.73069991,   95.42983269,     69.32928933,  137.81616669,   82.88409104,   49.27977481,     11.72123516,    3.26222866,   15.41546785,    9.86124742,     -7.88876503], [  376.15604377,  -44.22485058,  -27.35007806,   -1.37241013,     24.95480475,   82.88409104,  134.086578  ,   69.20233145,     13.45407381,   -6.0315318 ,    5.59644394,    5.4431566 ,     -5.21704652], [  522.04278742, -116.65243569,  -28.73030745,   87.19643095,     32.71402862,   49.27977481,   69.20233145,  111.5144759 ,     55.80655649,   16.99274182,   12.32423107,    6.36214217,    -10.58849318], [  336.60776655, -101.57835938,  -32.64638178,  129.89168342,     49.85909113,   11.72123516,   13.45407381,   55.80655649,    108.35356541,   39.42264859,   18.99855666,   -0.57765902,     -8.16576125], [  192.46003738,  -48.61910851,   18.89665332,   48.70932456,     36.12578201,    3.26222866,   -6.0315318 ,   16.99274182,     39.42264859,   74.33813649,   28.79744819,    3.07075519,     -3.50202613], [  184.29690094,  -58.33150685,  -12.5226207 ,   82.42242511,     34.05106513,   15.41546785,    5.59644394,   12.32423107,     18.99855666,   28.79744819,   62.89683802,   21.4337932 ,      2.12869878], [   80.74802129,  -43.66245545,   24.12903132,   36.46017632,     22.91970203,    9.86124742,    5.4431566 ,    6.36214217,     -0.57765902,    3.07075519,   21.4337932 ,   55.36314606,     22.32985834], [ -108.4702514 ,   -7.9735922 ,   20.05897148,    7.89502259,      3.17432306,   -7.88876503,   -5.21704652,  -10.58849318,     -8.16576125,   -3.50202613,    2.12869878,   22.32985834,     53.66627125]]
