music/Rock/Billy Talent - Cure for the Enemy.mp3; [-517.69934   ,  96.57111   ,   4.81341   ,  37.20912   ,   3.3712108 ,    8.327661  ,   2.4869318 ,   7.6859303 ,  -0.89289176,  -0.87824017,   -2.624622  ,  -4.9736643 ,  -1.918452  ]; [[12009.48890649,-1252.66473308, -699.6855501 , -197.38540892,   -143.75425821,  410.49341067,  242.97803661,  308.9258985 ,    119.02831561,   49.76531123, -128.96360506, -152.53390587,   -118.66991168], [-1252.66473308, 1428.07999306,  -78.53010443,  238.34918475,    -85.17619364,  -84.55931298,  -37.25959566,  -64.91161887,    -32.23692018,  -25.43302232,   49.74108473,    2.19129903,     43.21151408], [ -699.6855501 ,  -78.53010443,  594.27643424,   69.45315569,    174.91650772,   18.64586985,   12.54338134,   15.08697334,     32.18023209,    5.4571946 ,   44.15742676,   46.29194115,     47.13863485], [ -197.38540892,  238.34918475,   69.45315569,  267.11677111,     89.39596454,   17.65924808,  -13.5840259 ,    5.00099361,     19.90284877,   -3.02235779,   17.00948977,   28.674955  ,     32.32578058], [ -143.75425821,  -85.17619364,  174.91650772,   89.39596454,    210.71268837,   29.63588061,    3.59566644,    9.53840719,      9.12290933,   11.20267627,   11.37894571,   17.41774793,     23.3954576 ], [  410.49341067,  -84.55931298,   18.64586985,   17.65924808,     29.63588061,  165.14739933,  100.7442447 ,   41.45231259,     34.05012789,   18.41671407,   13.01637823,   -0.19965257,      4.33010718], [  242.97803661,  -37.25959566,   12.54338134,  -13.5840259 ,      3.59566644,  100.7442447 ,  185.01805348,   70.95552388,     35.53678148,   14.67418806,    7.12788257,  -11.06363855,     -5.22253918], [  308.9258985 ,  -64.91161887,   15.08697334,    5.00099361,      9.53840719,   41.45231259,   70.95552388,  105.37433474,     43.87253422,   16.99565184,   -2.67350713,   -5.34812521,      3.38045798], [  119.02831561,  -32.23692018,   32.18023209,   19.90284877,      9.12290933,   34.05012789,   35.53678148,   43.87253422,    114.64125605,   39.12416788,    8.7640055 ,   13.06013772,      9.37481103], [   49.76531123,  -25.43302232,    5.4571946 ,   -3.02235779,     11.20267627,   18.41671407,   14.67418806,   16.99565184,     39.12416788,   75.28217295,   26.61907714,    7.20563073,      1.59835512], [ -128.96360506,   49.74108473,   44.15742676,   17.00948977,     11.37894571,   13.01637823,    7.12788257,   -2.67350713,      8.7640055 ,   26.61907714,   82.53449783,   42.93206315,     12.31423654], [ -152.53390587,    2.19129903,   46.29194115,   28.674955  ,     17.41774793,   -0.19965257,  -11.06363855,   -5.34812521,     13.06013772,    7.20563073,   42.93206315,   90.03495455,     34.26104871], [ -118.66991168,   43.21151408,   47.13863485,   32.32578058,     23.3954576 ,    4.33010718,   -5.22253918,    3.38045798,      9.37481103,    1.59835512,   12.31423654,   34.26104871,     66.71534561]]
music/Jazz/Raphael Wressnig - September Nights.mp3; [-570.1088    , 129.06073   ,   1.7832717 ,  22.789818  ,   8.821302  ,   -0.85097367,  -0.04392153,   4.770092  ,  -0.5610067 ,   2.682114  ,   -0.7147532 ,  -3.6201534 ,  -1.0132211 ]; [[9573.2797609 , 300.57633946,-799.25561093, 267.9835191 ,-108.7920531 ,   -18.89628044,  -8.62112965,  36.72090809,-132.75936054,  35.02972335,    -5.06132451, -24.24244782, -15.10979762], [ 300.57633946,1273.51543919,  22.45183354,  25.21728615,  70.3721931 ,   -42.32783781,  52.64322897,  16.21707563,  24.49428956,  48.83254862,    44.96096338,  39.34080763,  -1.93947489], [-799.25561093,  22.45183354, 875.93436662,  54.87592081,  56.857654  ,    32.68453561,  14.11788037,  24.19575243,  18.06317251, -49.97326964,    -1.5761809 , -20.77433408,  -0.58610526], [ 267.9835191 ,  25.21728615,  54.87592081, 484.68457691, 157.73784434,    30.77597082,  60.21592424,  70.57858337,  30.82582337,  55.69888059,    16.94240924,  32.3823152 ,  10.38332687], [-108.7920531 ,  70.3721931 ,  56.857654  , 157.73784434, 248.33287328,    60.52815131,  14.35282963,  39.48992943,  40.41238484,  17.08783631,    11.8382565 ,  13.38509278,  25.15721308], [ -18.89628044, -42.32783781,  32.68453561,  30.77597082,  60.52815131,   162.56647601,  78.15908852,  32.68581965,  18.90488077,  29.37333216,    31.33926489,   7.66217099,  -2.84551896], [  -8.62112965,  52.64322897,  14.11788037,  60.21592424,  14.35282963,    78.15908852, 152.20334888,  69.71403538,  26.79829898,  48.34770946,    37.69693702,  15.18140117,  -0.75461187], [  36.72090809,  16.21707563,  24.19575243,  70.57858337,  39.48992943,    32.68581965,  69.71403538, 124.92646765,  59.60381652,  30.8892334 ,    22.21378463,  16.48234796,  21.70935217], [-132.75936054,  24.49428956,  18.06317251,  30.82582337,  40.41238484,    18.90488077,  26.79829898,  59.60381652, 111.2694272 ,  53.70745511,    12.94570262,  16.35885618,  27.54821219], [  35.02972335,  48.83254862, -49.97326964,  55.69888059,  17.08783631,    29.37333216,  48.34770946,  30.8892334 ,  53.70745511, 133.17662274,    74.43424409,  21.47000757,  11.75292862], [  -5.06132451,  44.96096338,  -1.5761809 ,  16.94240924,  11.8382565 ,    31.33926489,  37.69693702,  22.21378463,  12.94570262,  74.43424409,   134.78248472,  53.32769778,  -2.47158398], [ -24.24244782,  39.34080763, -20.77433408,  32.3823152 ,  13.38509278,     7.66217099,  15.18140117,  16.48234796,  16.35885618,  21.47000757,    53.32769778,  96.78877642,  40.51155924], [ -15.10979762,  -1.93947489,  -0.58610526,  10.38332687,  25.15721308,    -2.84551896,  -0.75461187,  21.70935217,  27.54821219,  11.75292862,    -2.47158398,  40.51155924, 105.50875136]]
music/Jazz/Jukka Perko Avara - Tears In Heaven.mp3; [-751.3998   , 196.22923  ,  11.331318 ,  18.511374 ,  -3.6674924,  -11.080873 , -11.827798 , -10.144666 , -15.766556 ,  -5.4639697,  -16.898077 , -15.050136 ,  -5.7818294]; [[13568.38493854,  974.19502759,-1821.51755608, -167.16434945,   -548.40689223,   38.7534937 ,  148.63198692,   50.03871519,   -445.90982113,    7.96260203, -290.0982395 , -183.93096772,    -51.45471981], [  974.19502759, 2299.92983879,  510.14755437,  216.40188298,    170.41089551,  -51.31935489,  -73.62236951,  -51.11638988,    -26.26725703,  -39.09852521,  -89.44662656, -144.0369654 ,    -88.4469959 ], [-1821.51755608,  510.14755437,  868.14387134,  272.37453562,    239.84674013,   92.22249499,   37.75412957,   78.31624371,    124.46509914,   20.36573567,   70.05647637,   82.35359158,     15.61258262], [ -167.16434945,  216.40188298,  272.37453562,  303.09163088,    150.18526997,   61.42632549,   60.87157732,   77.15326322,     82.82473641,   41.91262577,   60.44230381,   58.33652946,     33.37075208], [ -548.40689223,  170.41089551,  239.84674013,  150.18526997,    285.06454653,   99.94369008,   58.48690788,   67.73701463,    116.12283525,   68.52453244,   54.64057754,   64.14509229,     59.41893233], [   38.7534937 ,  -51.31935489,   92.22249499,   61.42632549,     99.94369008,  174.60978085,   96.71941019,   88.15227625,     69.1344722 ,   58.069308  ,   79.36726963,   75.09363973,     55.06172302], [  148.63198692,  -73.62236951,   37.75412957,   60.87157732,     58.48690788,   96.71941019,  202.56519473,  132.02383139,     64.62568568,   54.59779105,   84.1719819 ,   88.46932568,     68.85485608], [   50.03871519,  -51.11638988,   78.31624371,   77.15326322,     67.73701463,   88.15227625,  132.02383139,  198.94124331,     80.43235629,   43.2254008 ,   86.15948532,   90.28830818,     64.35267267], [ -445.90982113,  -26.26725703,  124.46509914,   82.82473641,    116.12283525,   69.1344722 ,   64.62568568,   80.43235629,    181.00941193,   72.78925968,   48.58807367,   75.36925871,     77.14459406], [    7.96260203,  -39.09852521,   20.36573567,   41.91262577,     68.52453244,   58.069308  ,   54.59779105,   43.2254008 ,     72.78925968,  128.1647984 ,   47.80939532,   22.41043876,     54.15239913], [ -290.0982395 ,  -89.44662656,   70.05647637,   60.44230381,     54.64057754,   79.36726963,   84.1719819 ,   86.15948532,     48.58807367,   47.80939532,  164.4274186 ,   73.78410721,     26.78444165], [ -183.93096772, -144.0369654 ,   82.35359158,   58.33652946,     64.14509229,   75.09363973,   88.46932568,   90.28830818,     75.36925871,   22.41043876,   73.78410721,  174.56784995,     91.90318523], [  -51.45471981,  -88.4469959 ,   15.61258262,   33.37075208,     59.41893233,   55.06172302,   68.85485608,   64.35267267,     77.14459406,   54.15239913,   26.78444165,   91.90318523,    177.6445678 ]]
music/Jazz/Eric Bibb Celtic Roots Ensemble - St James Infirmary.mp3; [-616.4771   , 138.42567  ,  22.251774 ,  21.681067 ,   4.971837 ,    4.8715067,  -1.5166563,   2.451037 ,  -0.7761855,   0.3948832,   -3.1649203,   0.0477226,  -3.3907344]; [[14574.8949974 ,-1499.43843566,-1386.48916683,  121.37479692,     13.06277701,  -76.16719612, -107.72051309, -119.29277523,    -42.29313753,  230.85577097,   65.54816881,   65.99965959,     87.21233662], [-1499.43843566, 1619.27231756,  182.61571969,  -13.55323284,    -44.18935989,   -7.50768208,   -1.30307704,   49.5727389 ,     -8.1892567 ,  -85.39080163,  -12.00766207,   24.23665559,    -18.67658957], [-1386.48916683,  182.61571969,  794.31320319,   32.23830602,     50.63685061,   62.4609863 ,   29.43580984,   58.96874114,     31.12763322,  -27.59906904,   25.68702451,   29.39382915,    -25.35000575], [  121.37479692,  -13.55323284,   32.23830602,  246.19807904,     27.55470636,   30.97160565,   45.13376066,  -10.15056919,     13.37493096,   24.99044792,  -19.38066475,  -16.97334886,     28.7755109 ], [   13.06277701,  -44.18935989,   50.63685061,   27.55470636,    145.47862621,   37.20770765,   -7.00504495,   23.52171649,     23.37714551,    1.12538972,    6.44002775,    0.80489436,    -14.46335947], [  -76.16719612,   -7.50768208,   62.4609863 ,   30.97160565,     37.20770765,  143.35921764,   48.14551635,    8.85960772,     12.87693962,   16.45910114,    7.6328845 ,    0.46526823,      8.50726515], [ -107.72051309,   -1.30307704,   29.43580984,   45.13376066,     -7.00504495,   48.14551635,  132.65851984,   20.80494727,     -4.58024572,   11.89612192,   -2.6446552 ,    8.55343776,     36.20683429], [ -119.29277523,   49.5727389 ,   58.96874114,  -10.15056919,     23.52171649,    8.85960772,   20.80494727,  122.16868346,     37.50702812,   -6.94456996,   20.47689442,    3.99198614,     -3.89248365], [  -42.29313753,   -8.1892567 ,   31.12763322,   13.37493096,     23.37714551,   12.87693962,   -4.58024572,   37.50702812,    101.2897563 ,   27.62735715,    3.97050632,   -2.15507071,    -20.85176468], [  230.85577097,  -85.39080163,  -27.59906904,   24.99044792,      1.12538972,   16.45910114,   11.89612192,   -6.94456996,     27.62735715,   97.62960482,   27.93165235,   -7.38481426,      3.83962691], [   65.54816881,  -12.00766207,   25.68702451,  -19.38066475,      6.44002775,    7.6328845 ,   -2.6446552 ,   20.47689442,      3.97050632,   27.93165235,   94.61209493,   32.09063653,      0.08690564], [   65.99965959,   24.23665559,   29.39382915,  -16.97334886,      0.80489436,    0.46526823,    8.55343776,    3.99198614,     -2.15507071,   -7.38481426,   32.09063653,  105.4447181 ,     20.97344956], [   87.21233662,  -18.67658957,  -25.35000575,   28.7755109 ,    -14.46335947,    8.50726515,   36.20683429,   -3.89248365,    -20.85176468,    3.83962691,    0.08690564,   20.97344956,    101.0090458 ]]
music/Jazz/Buddy Rich - Caravan (Remastered 2015).mp3; [-683.51385   , 102.02032   ,  22.857456  ,  43.01552   ,   2.130933  ,    7.849257  ,   4.55593   ,  -0.33111978,  -2.7346232 ,   2.2187634 ,   -1.6554291 ,  -0.20927857,  -6.5693502 ]; [[13390.89983665, 1071.08147983, -509.42767513, -457.103277  ,   -740.6454719 , -583.93907645, -960.94415359, -452.06837205,   -505.29303727, -383.41865121, -423.71872289, -549.73591546,   -204.90926347], [ 1071.08147983, 2073.83980231,    7.83888543,   54.21632142,     63.28506999,  108.59847727,    7.29230761,  -13.30631464,     27.60362377,  -63.3093738 , -166.48921006, -106.417233  ,    -47.4749146 ], [ -509.42767513,    7.83888543,  564.38484216,  236.85256425,    166.90889838,  133.70975521,  137.39149803,  110.49200351,     82.33260971,   79.58655504,   81.50158869,   55.60471025,     45.40873165], [ -457.103277  ,   54.21632142,  236.85256425,  305.26802319,    153.79131298,  108.47921498,  127.97074651,   68.90864097,     49.72604621,   46.22228166,   40.96912531,   38.48066142,    -16.70536968], [ -740.6454719 ,   63.28506999,  166.90889838,  153.79131298,    221.31945577,  153.89115606,  155.38090822,   98.55202331,     71.50521056,   43.23916163,   55.18988275,   55.60782133,     15.22893251], [ -583.93907645,  108.59847727,  133.70975521,  108.47921498,    153.89115606,  190.07531959,  161.9840243 ,   79.47537734,     50.47806341,   30.02848061,   37.79686204,   47.17331284,     20.23365872], [ -960.94415359,    7.29230761,  137.39149803,  127.97074651,    155.38090822,  161.9840243 ,  250.82650043,  130.69970394,     73.54395198,   35.74841446,   43.88110641,   64.42467842,     17.3757006 ], [ -452.06837205,  -13.30631464,  110.49200351,   68.90864097,     98.55202331,   79.47537734,  130.69970394,  183.19922066,    107.34107018,   29.22300688,   29.44855737,   21.86827471,      7.20836815], [ -505.29303727,   27.60362377,   82.33260971,   49.72604621,     71.50521056,   50.47806341,   73.54395198,  107.34107018,    143.43361322,   73.43931254,   34.82469613,   35.58865537,     14.72734067], [ -383.41865121,  -63.3093738 ,   79.58655504,   46.22228166,     43.23916163,   30.02848061,   35.74841446,   29.22300688,     73.43931254,  128.12180046,   86.51755485,   45.42262866,     18.26849623], [ -423.71872289, -166.48921006,   81.50158869,   40.96912531,     55.18988275,   37.79686204,   43.88110641,   29.44855737,     34.82469613,   86.51755485,  144.6801982 ,   89.0250424 ,     29.02100297], [ -549.73591546, -106.417233  ,   55.60471025,   38.48066142,     55.60782133,   47.17331284,   64.42467842,   21.86827471,     35.58865537,   45.42262866,   89.0250424 ,  155.0561541 ,     80.04454502], [ -204.90926347,  -47.4749146 ,   45.40873165,  -16.70536968,     15.22893251,   20.23365872,   17.3757006 ,    7.20836815,     14.72734067,   18.26849623,   29.02100297,   80.04454502,    141.11897388]]
music/Jazz/Michael Wollny Vincent Peirani The Kiss.mp3; [-790.6877    , 126.90582   ,  27.256636  ,  -3.362     , -12.5628    ,   -8.061622  ,  -4.757393  ,  -0.79549325, -13.95345   ,   9.972983  ,   -2.973049  ,  -3.4851604 ,   0.08712821]; [[17493.95805896,-1423.80095864, -561.77799745, -194.95557388,   -301.61200881, -485.7435842 , -283.5782554 , -225.94377184,  -1028.10588153,  180.34423538, -455.99393409,  -11.58436545,    269.02710492], [-1423.80095864, 6976.87836164,  919.71671569,  652.50088274,    951.37546022,  160.21015686, -443.69709715, -783.05055505,   -204.36319705, -498.32136575,  163.31056539,   66.34352928,   -235.42522381], [ -561.77799745,  919.71671569, 1118.74688425,  378.55776121,     75.36762349,   64.33201384, -101.81868723, -279.30618962,   -126.84089553,  -41.23890811,  -67.88139413,  -31.92397104,    -72.95913329], [ -194.95557388,  652.50088274,  378.55776121,  541.85011979,    200.07841677,   40.2408294 ,  -25.52091684, -192.45596761,   -119.57189975,  -40.82375034,  -30.40637719,   13.86085661,     13.90157324], [ -301.61200881,  951.37546022,   75.36762349,  200.07841677,    469.27805341,   84.45182542,  -17.53200106,  -89.69146991,    -16.8472527 , -122.26461993,   30.10134126,    5.81344199,    -46.65249361], [ -485.7435842 ,  160.21015686,   64.33201384,   40.2408294 ,     84.45182542,  251.0681986 ,  118.48628136,   24.10812832,     18.24494787,  -51.83219193,    1.12421132,  -31.1828406 ,    -18.00791597], [ -283.5782554 , -443.69709715, -101.81868723,  -25.52091684,    -17.53200106,  118.48628136,  316.48643259,  161.79530885,     45.3718114 ,   14.36809319,  -21.768123  ,  -35.0389073 ,     19.54263446], [ -225.94377184, -783.05055505, -279.30618962, -192.45596761,    -89.69146991,   24.10812832,  161.79530885,  430.0158901 ,    227.18924293,   36.6496536 ,  -17.93084885,  -87.31157795,      3.98846459], [-1028.10588153, -204.36319705, -126.84089553, -119.57189975,    -16.8472527 ,   18.24494787,   45.3718114 ,  227.18924293,    372.48787258,   51.34101051,   30.38925204,  -55.02471111,    -64.21785417], [  180.34423538, -498.32136575,  -41.23890811,  -40.82375034,   -122.26461993,  -51.83219193,   14.36809319,   36.6496536 ,     51.34101051,  305.16868649,   70.56672658,    7.4782538 ,    -17.6909098 ], [ -455.99393409,  163.31056539,  -67.88139413,  -30.40637719,     30.10134126,    1.12421132,  -21.768123  ,  -17.93084885,     30.38925204,   70.56672658,  214.63874388,   81.85770318,    -26.81157989], [  -11.58436545,   66.34352928,  -31.92397104,   13.86085661,      5.81344199,  -31.1828406 ,  -35.0389073 ,  -87.31157795,    -55.02471111,    7.4782538 ,   81.85770318,  220.08632015,     72.61747163], [  269.02710492, -235.42522381,  -72.95913329,   13.90157324,    -46.65249361,  -18.00791597,   19.54263446,    3.98846459,    -64.21785417,  -17.6909098 ,  -26.81157989,   72.61747163,    207.38116763]]
music/Jazz/Whiplash Soundtrack - Caravan.mp3; [-633.65845  ,  93.52895  ,  10.411724 ,  23.704351 ,  -5.3466244,    5.692536 ,   1.842944 ,   4.2212205,  -1.7476944,   2.64498  ,    1.2303451,   1.9698153,  -0.5630518]; [[19989.5529054 , 1236.85162132, -411.79709102,  -62.42321737,   -339.74344195,  267.47446708,   24.92824792,  301.13671413,    202.87921197,  361.2399649 ,  330.46432458,  176.76273449,    151.50405383], [ 1236.85162132, 1530.45423866, -169.30860422,  -99.03649132,     19.17728137,   60.86434989,   36.99164053,   44.38202057,     50.75568737,   32.06252677,   40.19627944,   22.66981535,     -5.86977076], [ -411.79709102, -169.30860422,  573.52122067,  273.14403528,    128.33584649,  106.68249472,  115.31249085,   83.69641973,     52.42313704,   40.57805477,   36.22985035,   27.4018901 ,     -2.3560572 ], [  -62.42321737,  -99.03649132,  273.14403528,  317.30249103,    161.89326636,   88.73052141,  116.52549658,   80.629872  ,     33.26108933,   39.67544598,   34.03055364,   41.26168625,     20.66171604], [ -339.74344195,   19.17728137,  128.33584649,  161.89326636,    202.68601714,   88.20778685,  121.31893995,   74.55123687,     39.25063054,   35.62251565,   38.78014129,   40.92275559,     34.77708045], [  267.47446708,   60.86434989,  106.68249472,   88.73052141,     88.20778685,  127.25293086,   92.50158183,   71.47343708,     52.03352613,   34.73683413,   37.11736528,   33.70132556,     20.76037846], [   24.92824792,   36.99164053,  115.31249085,  116.52549658,    121.31893995,   92.50158183,  143.07942659,   88.12389115,     46.56165607,   37.91336986,   40.28111623,   42.68108432,     33.19938699], [  301.13671413,   44.38202057,   83.69641973,   80.629872  ,     74.55123687,   71.47343708,   88.12389115,   97.67093319,     54.36920914,   39.94578268,   39.50075328,   34.38578974,     24.93182576], [  202.87921197,   50.75568737,   52.42313704,   33.26108933,     39.25063054,   52.03352613,   46.56165607,   54.36920914,     69.35621661,   38.12915052,   32.26266843,   24.42429658,     13.97667716], [  361.2399649 ,   32.06252677,   40.57805477,   39.67544598,     35.62251565,   34.73683413,   37.91336986,   39.94578268,     38.12915052,   65.15657211,   42.49505455,   24.98041671,     16.58064919], [  330.46432458,   40.19627944,   36.22985035,   34.03055364,     38.78014129,   37.11736528,   40.28111623,   39.50075328,     32.26266843,   42.49505455,   66.7743608 ,   40.96565789,     25.0700933 ], [  176.76273449,   22.66981535,   27.4018901 ,   41.26168625,     40.92275559,   33.70132556,   42.68108432,   34.38578974,     24.42429658,   24.98041671,   40.96565789,   63.97256248,     37.80237805], [  151.50405383,   -5.86977076,   -2.3560572 ,   20.66171604,     34.77708045,   20.76037846,   33.19938699,   24.93182576,     13.97667716,   16.58064919,   25.0700933 ,   37.80237805,     59.29212264]]
music/Jazz/Lou Tavano - The Call.mp3; [-671.33105   , 164.84337   ,  17.486725  ,  15.483388  ,  14.74525   ,    3.0334096 ,  -0.40641934,  -1.4647934 ,  -4.970785  ,   2.913135  ,   -4.7268815 ,   0.23460345,  -5.9372883 ]; [[22339.3166684 ,  -41.6101627 ,-2093.95360096, -993.76040687,   -952.23385258, -250.04266317,  -48.60607955,  118.0671762 ,   -117.1483347 ,  128.39129433,  128.3815479 ,  195.69684583,    153.82255374], [  -41.6101627 , 1990.27097178,   51.29378486,   17.17753794,    147.2685435 ,   71.02990744,   89.92323341,    4.70967635,     -9.45096949,    8.18676526,  -15.85748573,   14.20498312,    -54.2212328 ], [-2093.95360096,   51.29378486,  917.85047252,  308.32518639,    211.44359383,  101.81559005,   46.75975089,   37.89173154,     22.89250271,   42.5382198 ,   11.27636939,   -6.63415536,    -32.69810762], [ -993.76040687,   17.17753794,  308.32518639,  447.15987384,    185.83182465,   82.09500542,   56.68867008,   35.73790965,     68.00322586,   28.80217849,   12.73227967,  -16.60345768,    -12.65622386], [ -952.23385258,  147.2685435 ,  211.44359383,  185.83182465,    303.08689853,   37.78455917,  -20.43753706,   20.91995985,     41.33816105,   34.77965654,  -39.07472941,   -6.25949391,    -10.54499093], [ -250.04266317,   71.02990744,  101.81559005,   82.09500542,     37.78455917,  195.70337271,   87.32351541,   30.91692777,     29.0384727 ,    5.45539527,   46.43350157,    1.60648546,     -1.09596579], [  -48.60607955,   89.92323341,   46.75975089,   56.68867008,    -20.43753706,   87.32351541,  222.98415468,   72.75931198,     21.61453673,   18.64685665,   32.48147891,    3.65146236,    -16.21748299], [  118.0671762 ,    4.70967635,   37.89173154,   35.73790965,     20.91995985,   30.91692777,   72.75931198,  120.61034107,     27.31683121,   19.36499619,    9.03298651,    7.70043406,      1.77470216], [ -117.1483347 ,   -9.45096949,   22.89250271,   68.00322586,     41.33816105,   29.0384727 ,   21.61453673,   27.31683121,    105.84867445,   22.76190714,   17.58612434,    5.90703819,      4.55012239], [  128.39129433,    8.18676526,   42.5382198 ,   28.80217849,     34.77965654,    5.45539527,   18.64685665,   19.36499619,     22.76190714,  118.55032819,   29.84230267,   -0.78778222,    -13.59921931], [  128.3815479 ,  -15.85748573,   11.27636939,   12.73227967,    -39.07472941,   46.43350157,   32.48147891,    9.03298651,     17.58612434,   29.84230267,  123.70928992,   25.24260469,      8.48440603], [  195.69684583,   14.20498312,   -6.63415536,  -16.60345768,     -6.25949391,    1.60648546,    3.65146236,    7.70043406,      5.90703819,   -0.78778222,   25.24260469,   86.11621233,     32.87542443], [  153.82255374,  -54.2212328 ,  -32.69810762,  -12.65622386,    -10.54499093,   -1.09596579,  -16.21748299,    1.77470216,      4.55012239,  -13.59921931,    8.48440603,   32.87542443,     92.77984999]]
