music/Jazz/Keith Jarrett - Part II Tokyo.mp3; [-904.4777   , 193.4052   ,  11.318493 , -20.634495 , -10.791321 ,  -15.837662 , -15.41746  , -13.155365 , -11.603802 ,  -5.382797 ,    2.231513 ,   3.50744  ,   1.1974473]; [[ 8026.67388423, 3636.3745258 ,-2801.13467366, -169.93189555,    260.53847446, -574.44850901, -182.97802518, -111.61856102,   -327.38284895, -298.5615434 , -133.1822933 , -195.39543999,   -240.94583406], [ 3636.3745258 , 2115.217011  , -903.37406798, -271.68717117,     77.62993636, -211.90546296, -128.89370014, -118.60606057,   -215.92319234, -190.07198171,  -95.07664121, -113.90554391,   -161.84555027], [-2801.13467366, -903.37406798, 1546.98151928,  174.55483965,   -119.84229437,  306.87937048,   78.59682898,  -52.71214684,     19.68428035,   35.12763252,   15.94848296,   39.10699815,      2.99529963], [ -169.93189555, -271.68717117,  174.55483965,  490.8353186 ,    160.4311131 ,   44.96284785,   65.79577877,  -15.17621066,    -36.32901802,   -0.0260942 ,   22.07006492,   -5.24374373,    -38.2357458 ], [  260.53847446,   77.62993636, -119.84229437,  160.4311131 ,    239.4013141 ,   43.74814481,  -12.34384977,  -11.04516031,    -41.7781441 ,  -20.95703641,   -6.29901455,  -36.36459385,    -49.46239274], [ -574.44850901, -211.90546296,  306.87937048,   44.96284785,     43.74814481,  209.78778032,   95.48057279,    1.88654324,     12.76464813,   -3.43818937,  -27.84295066,  -28.93592051,    -22.74271115], [ -182.97802518, -128.89370014,   78.59682898,   65.79577877,    -12.34384977,   95.48057279,  163.42595635,   85.9967091 ,     30.77045015,   11.42852524,  -22.59226579,  -27.20257403,      6.04509321], [ -111.61856102, -118.60606057,  -52.71214684,  -15.17621066,    -11.04516031,    1.88654324,   85.9967091 ,  154.71746218,    105.5894676 ,   28.76548888,  -13.64821251,   -7.62487744,     37.79426365], [ -327.38284895, -215.92319234,   19.68428035,  -36.32901802,    -41.7781441 ,   12.76464813,   30.77045015,  105.5894676 ,    170.76309623,   87.47080458,   -7.10843192,    8.41596656,     38.55221977], [ -298.5615434 , -190.07198171,   35.12763252,   -0.0260942 ,    -20.95703641,   -3.43818937,   11.42852524,   28.76548888,     87.47080458,  134.02957265,   71.40223332,   16.2838712 ,     16.08398659], [ -133.1822933 ,  -95.07664121,   15.94848296,   22.07006492,     -6.29901455,  -27.84295066,  -22.59226579,  -13.64821251,     -7.10843192,   71.40223332,  146.12328448,   87.81991299,      2.27631232], [ -195.39543999, -113.90554391,   39.10699815,   -5.24374373,    -36.36459385,  -28.93592051,  -27.20257403,   -7.62487744,      8.41596656,   16.2838712 ,   87.81991299,  132.775097  ,     59.75747542], [ -240.94583406, -161.84555027,    2.99529963,  -38.2357458 ,    -49.46239274,  -22.74271115,    6.04509321,   37.79426365,     38.55221977,   16.08398659,    2.27631232,   59.75747542,    139.00778075]]
music/Jazz/Paolo Fresu Jan Lundgren - Kristallen den fina.mp3; [-831.5371   , 223.87369  ,  -6.2459073, -22.601866 ,  -3.8542461,  -11.157152 , -13.715205 , -11.008638 , -13.037233 , -10.876206 ,   -7.140697 ,  -4.2424445,  -0.8387902]; [[10110.60083757, 3017.6275704 ,-3800.1059748 , -496.0714661 ,    337.54233207,   83.95500425,  125.70628075,  122.95849227,    -96.47502346,  -37.00280952, -128.69587503,  -60.07115842,    193.40246639], [ 3017.6275704 , 2042.32881361, -471.82159107, -266.60419465,    156.05994769,   14.30484077,  -23.7064386 ,   -6.69236165,    -79.90972572,  -89.81194469,  -64.91775255,  -74.70846799,    -48.13021337], [-3800.1059748 , -471.82159107, 2163.29722717,  278.30190825,    -91.80606542,   36.05321772,  -63.87984474,  -68.28154302,     24.99939874,  -17.31182037,   37.93033408,    8.7789819 ,   -133.19246109], [ -496.0714661 , -266.60419465,  278.30190825,  339.93899978,    121.69067653,   26.95367384,   30.31453528,   30.76674295,     42.38983735,   23.24410339,   11.5604729 ,   23.63115419,     -3.19952527], [  337.54233207,  156.05994769,  -91.80606542,  121.69067653,    245.43861107,   88.15416419,   12.07505335,   34.4850969 ,     30.40624662,    3.22206155,  -13.95917102,   -6.98550251,     -8.81382793], [   83.95500425,   14.30484077,   36.05321772,   26.95367384,     88.15416419,  181.98292049,   78.07799795,   13.09923966,     20.82383653,   19.87285823,   -8.1666266 ,  -21.38303234,    -13.437306  ], [  125.70628075,  -23.7064386 ,  -63.87984474,   30.31453528,     12.07505335,   78.07799795,  144.90351219,   71.99713336,     17.1102177 ,   30.51870965,   16.85078084,   -9.55958914,     -5.00934549], [  122.95849227,   -6.69236165,  -68.28154302,   30.76674295,     34.4850969 ,   13.09923966,   71.99713336,  118.69133352,     66.81529764,   25.27403491,   17.27968731,    6.61405228,     -7.17755889], [  -96.47502346,  -79.90972572,   24.99939874,   42.38983735,     30.40624662,   20.82383653,   17.1102177 ,   66.81529764,    113.10312163,   62.52996203,   11.9066868 ,   16.42996297,     -0.49538675], [  -37.00280952,  -89.81194469,  -17.31182037,   23.24410339,      3.22206155,   19.87285823,   30.51870965,   25.27403491,     62.52996203,  103.95494095,   61.38070092,   29.11735455,     18.92261914], [ -128.69587503,  -64.91775255,   37.93033408,   11.5604729 ,    -13.95917102,   -8.1666266 ,   16.85078084,   17.27968731,     11.9066868 ,   61.38070092,  108.64417356,   76.0048399 ,     23.40755619], [  -60.07115842,  -74.70846799,    8.7789819 ,   23.63115419,     -6.98550251,  -21.38303234,   -9.55958914,    6.61405228,     16.42996297,   29.11735455,   76.0048399 ,  117.15334054,     73.82926897], [  193.40246639,  -48.13021337, -133.19246109,   -3.19952527,     -8.81382793,  -13.437306  ,   -5.00934549,   -7.17755889,     -0.49538675,   18.92261914,   23.40755619,   73.82926897,    128.21916621]]
music/Jazz/Whiplash Soundtrack - Too Hip To Retire.mp3; [-689.5639   , 127.32166  ,  28.429502 ,  26.00249  ,  -5.6006794,   12.628167 ,   2.5883102,   4.795082 ,   3.0078278,   1.1403735,    3.2479815,   4.884659 ,  -0.4730488]; [[19261.76356349,-2906.45826258,-2927.28096697, -611.45541895,  -1169.17965557, -220.47665129, -691.19668285, -245.19755653,    -58.316364  , -170.49206243,   19.28054558,   59.96861319,     61.22441253], [-2906.45826258, 2762.65922063,  148.72758481, -252.75547027,    424.97089071,  -52.24578923,  207.17523276,   57.07620355,    -26.87936715,  169.85197313,  -11.54377798,   -4.22432916,     17.86949393], [-2927.28096697,  148.72758481, 1282.9453521 ,  361.25543128,    157.06086097,  196.18083714,  171.65513526,   97.68605549,     56.71175543,   20.04166905,   46.23827255,  -14.67293896,    -45.07710177], [ -611.45541895, -252.75547027,  361.25543128,  463.24842407,    101.17899049,  131.69441767,   77.13711331,   58.54475216,     49.54168668,  -11.73414565,   25.34116806,   19.40268623,    -16.83835637], [-1169.17965557,  424.97089071,  157.06086097,  101.17899049,    333.66975924,   53.92644926,  121.47346401,   41.30977996,     11.20883151,   40.41545349,    4.29247625,   -4.01655062,     28.1028066 ], [ -220.47665129,  -52.24578923,  196.18083714,  131.69441767,     53.92644926,  174.19954178,   61.34663905,   39.24036285,     35.51394204,  -11.10261817,   15.72025656,   15.18269819,    -21.8301171 ], [ -691.19668285,  207.17523276,  171.65513526,   77.13711331,    121.47346401,   61.34663905,  138.45604271,   55.24834205,     28.39388132,   32.85075024,   16.12634867,    1.68276662,      2.0375746 ], [ -245.19755653,   57.07620355,   97.68605549,   58.54475216,     41.30977996,   39.24036285,   55.24834205,   99.20176408,     50.88339096,   34.95758219,   32.14801798,    5.98013643,      8.7366939 ], [  -58.316364  ,  -26.87936715,   56.71175543,   49.54168668,     11.20883151,   35.51394204,   28.39388132,   50.88339096,     98.29026104,   36.60349578,   14.45704808,   22.61240836,     -0.54664007], [ -170.49206243,  169.85197313,   20.04166905,  -11.73414565,     40.41545349,  -11.10261817,   32.85075024,   34.95758219,     36.60349578,  104.85270545,   44.36808621,   18.90194959,     22.30101326], [   19.28054558,  -11.54377798,   46.23827255,   25.34116806,      4.29247625,   15.72025656,   16.12634867,   32.14801798,     14.45704808,   44.36808621,   89.62217938,   26.76144792,     16.92011767], [   59.96861319,   -4.22432916,  -14.67293896,   19.40268623,     -4.01655062,   15.18269819,    1.68276662,    5.98013643,     22.61240836,   18.90194959,   26.76144792,   80.88280223,     37.15722423], [   61.22441253,   17.86949393,  -45.07710177,  -16.83835637,     28.1028066 ,  -21.8301171 ,    2.0375746 ,    8.7366939 ,     -0.54664007,   22.30101326,   16.92011767,   37.15722423,     89.0590979 ]]
music/Black Metal/Uada - Black Autumn White Spring.mp3; [-504.92477  , 115.58318  ,  -3.2347474,  16.60001  ,  -3.6636043,   11.014769 ,   2.3364573,   7.927547 ,   4.029919 ,   3.2997165,   -8.012006 ,  -4.676654 ,  -3.8142385]; [[ 5596.83344149,-1241.917079  ,  488.13890887, -490.09543345,    -49.72232245,  324.52209203,  -12.80586367,  319.85298239,     13.69405762,   60.72221353,  178.78261614,   44.67260173,    199.7578267 ], [-1241.917079  ,  955.79301091, -529.47539589,  228.72548863,     14.76618026,  -95.89053162,   90.00151074, -112.060172  ,     25.83736453,  -12.09857005,  -69.19110756,   39.06571953,    -72.75597844], [  488.13890887, -529.47539589,  731.46403609, -122.64346619,     65.91641746,   45.57390124, -108.4236958 ,   69.74987103,    -28.11473555,    5.83742568,   70.80828065,  -45.64024405,     61.33321011], [ -490.09543345,  228.72548863, -122.64346619,  269.35474072,      7.58886236,  -20.34934332,   -2.91537213,  -53.93076522,     31.19797972,   31.0227339 ,  -26.28223713,    9.00708158,    -22.45720125], [  -49.72232245,   14.76618026,   65.91641746,    7.58886236,    110.70076645,   31.98509237,   13.06278766,   13.75125715,      9.30935242,   14.41871369,   16.35450815,    4.53612868,     15.65245375], [  324.52209203,  -95.89053162,   45.57390124,  -20.34934332,     31.98509237,  111.51795871,   46.37149787,   54.87143578,      1.6894289 ,    2.66146947,   25.42190894,   14.86232657,     34.02685065], [  -12.80586367,   90.00151074, -108.4236958 ,   -2.91537213,     13.06278766,   46.37149787,  105.95592746,   42.77502094,      9.32628361,  -11.61129933,   -5.18465613,   21.83930216,     10.38800957], [  319.85298239, -112.060172  ,   69.74987103,  -53.93076522,     13.75125715,   54.87143578,   42.77502094,   99.59550348,     22.87885941,    8.36402833,   21.25164966,    6.20675358,     26.77457066], [   13.69405762,   25.83736453,  -28.11473555,   31.19797972,      9.30935242,    1.6894289 ,    9.32628361,   22.87885941,     67.77901157,   37.1301266 ,   12.84864181,    7.37909731,     -1.13281573], [   60.72221353,  -12.09857005,    5.83742568,   31.0227339 ,     14.41871369,    2.66146947,  -11.61129933,    8.36402833,     37.1301266 ,   65.43388388,   29.61914026,   10.1442113 ,      3.47419036], [  178.78261614,  -69.19110756,   70.80828065,  -26.28223713,     16.35450815,   25.42190894,   -5.18465613,   21.25164966,     12.84864181,   29.61914026,   65.14606529,   25.55641156,     22.03545547], [   44.67260173,   39.06571953,  -45.64024405,    9.00708158,      4.53612868,   14.86232657,   21.83930216,    6.20675358,      7.37909731,   10.1442113 ,   25.55641156,   54.51019894,     25.34199041], [  199.7578267 ,  -72.75597844,   61.33321011,  -22.45720125,     15.65245375,   34.02685065,   10.38800957,   26.77457066,     -1.13281573,    3.47419036,   22.03545547,   25.34199041,     62.37653044]]
music/Black Metal/Der Weg Einer Freiheit - Letzte Sonne.mp3; [-598.5418   , 103.462204 , -23.549    ,  45.249638 ,  19.468657 ,   14.139272 ,   8.675317 ,   9.539403 ,   7.3973875,   2.9463978,   -3.8598285,  -1.0642066,   1.3705091]; [[25169.86752145,-3061.62362225,-2046.23378298, 1036.79850308,   1863.769077  , 1690.90444838,  608.13444004,  867.43433677,    597.90647598,  119.34846133,  252.72564194,  -89.77500304,     54.50151321], [-3061.62362225, 1271.75982557,   58.85385326, -188.7184406 ,   -423.42644704, -238.53152226,  -68.36131586, -115.53563842,   -101.21633631,  -30.50642949,  -60.91039996,   34.58889884,     13.44653805], [-2046.23378298,   58.85385326, 1095.0234262 , -417.33932793,    -67.70690736, -236.07594543,  -85.36374581, -106.5451298 ,    -78.05794004,  -30.99807828,   25.7349681 ,   11.27057165,    -32.92620447], [ 1036.79850308, -188.7184406 , -417.33932793,  467.825505  ,    178.49908871,  140.77534638,   52.68911821,   66.99433137,     66.95558274,   46.33856523,  -10.86888331,   -6.42389413,     26.00479187], [ 1863.769077  , -423.42644704,  -67.70690736,  178.49908871,    372.7546047 ,  169.4796766 ,   84.40946504,   53.20950437,     55.24837101,   41.47538701,   41.20479374,   22.24667077,     27.11610739], [ 1690.90444838, -238.53152226, -236.07594543,  140.77534638,    169.4796766 ,  238.61716997,   98.80766181,  104.63050336,     46.23432662,    7.81204101,   11.07465669,  -22.45439415,     -3.40962589], [  608.13444004,  -68.36131586,  -85.36374581,   52.68911821,     84.40946504,   98.80766181,  117.91375964,   68.2102837 ,     34.65071668,    7.78365175,    2.38686097,   -3.08479067,      3.34838821], [  867.43433677, -115.53563842, -106.5451298 ,   66.99433137,     53.20950437,  104.63050336,   68.2102837 ,  131.47337525,     66.29938235,    7.88261642,   -0.89006866,  -31.39179295,    -23.6953179 ], [  597.90647598, -101.21633631,  -78.05794004,   66.95558274,     55.24837101,   46.23432662,   34.65071668,   66.29938235,     93.40738846,   34.93812989,   14.01003376,   -4.1513654 ,     -3.80277107], [  119.34846133,  -30.50642949,  -30.99807828,   46.33856523,     41.47538701,    7.81204101,    7.78365175,    7.88261642,     34.93812989,   77.41435963,   42.00230741,   44.06859042,     27.50279283], [  252.72564194,  -60.91039996,   25.7349681 ,  -10.86888331,     41.20479374,   11.07465669,    2.38686097,   -0.89006866,     14.01003376,   42.00230741,   77.03645338,   56.55186882,     29.74998176], [  -89.77500304,   34.58889884,   11.27057165,   -6.42389413,     22.24667077,  -22.45439415,   -3.08479067,  -31.39179295,     -4.1513654 ,   44.06859042,   56.55186882,  121.20778766,     74.18108944], [   54.50151321,   13.44653805,  -32.92620447,   26.00479187,     27.11610739,   -3.40962589,    3.34838821,  -23.6953179 ,     -3.80277107,   27.50279283,   29.74998176,   74.18108944,     84.91635939]]
music/Black Metal/Satyricon - Mother North.mp3; [-491.89      ,  90.59336   , -20.933208  ,  44.205715  ,   3.7228532 ,   12.332019  ,  -0.55579853,   8.979518  ,   5.574294  ,  -0.33282924,    1.6833067 ,   2.1443207 ,  -2.816415  ]; [[3696.1028799 , 185.63785462,  38.93221078, -92.81944631,  11.89635198,    58.74047243,   9.44726462,  93.75331822,   0.14324171,  29.39958929,     5.84668912, -12.18318491,  -7.60109779], [ 185.63785462, 485.07521071,-239.1102214 , 147.28250295, -83.88323908,    -1.3291482 ,  14.96340566, -19.60747495,  29.16574774, -13.91618975,     2.58927814,   7.65361461, -20.82710276], [  38.93221078,-239.1102214 , 228.26977717, -57.30311037,  51.67330731,    -6.73040887, -17.05658176,  13.91797968, -24.07419661,   4.55874958,    -4.75590455,  -2.01882121,  16.09453231], [ -92.81944631, 147.28250295, -57.30311037, 250.21476432,  24.27413098,    12.4828785 , -18.86016502, -43.57505427,   6.56536114, -23.92732549,    -3.56364811,  15.40670144,   2.38076638], [  11.89635198, -83.88323908,  51.67330731,  24.27413098,  84.10765471,    16.43885002, -10.4270119 , -10.59578071,  -1.2781632 ,   1.83095625,     1.28505057,   2.38071397,   5.69308697], [  58.74047243,  -1.3291482 ,  -6.73040887,  12.4828785 ,  16.43885002,    46.05614947,  17.12617899,   2.70946854,  -4.72452854,  -0.86911108,     3.33122598,  -0.88654489,  -0.06340751], [   9.44726462,  14.96340566, -17.05658176, -18.86016502, -10.4270119 ,    17.12617899,  60.05591094,  24.03221754,   2.91050745,  -3.29719496,     2.49598707,   3.24319634,  -4.26721462], [  93.75331822, -19.60747495,  13.91797968, -43.57505427, -10.59578071,     2.70946854,  24.03221754,  58.43224925,  17.27280714,   4.85392354,     0.10058259,  -2.18203329,   1.00981815], [   0.14324171,  29.16574774, -24.07419661,   6.56536114,  -1.2781632 ,    -4.72452854,   2.91050745,  17.27280714,  42.75746056,  16.03067333,     3.04354647,  -1.33030032,  -1.05773473], [  29.39958929, -13.91618975,   4.55874958, -23.92732549,   1.83095625,    -0.86911108,  -3.29719496,   4.85392354,  16.03067333,  39.34195314,    14.05826989,  -1.06550738,  -1.16070913], [   5.84668912,   2.58927814,  -4.75590455,  -3.56364811,   1.28505057,     3.33122598,   2.49598707,   0.10058259,   3.04354647,  14.05826989,    33.83706277,  13.19614986,   0.74024063], [ -12.18318491,   7.65361461,  -2.01882121,  15.40670144,   2.38071397,    -0.88654489,   3.24319634,  -2.18203329,  -1.33030032,  -1.06550738,    13.19614986,  31.87301864,  11.92490363], [  -7.60109779, -20.82710276,  16.09453231,   2.38076638,   5.69308697,    -0.06340751,  -4.26721462,   1.00981815,  -1.05773473,  -1.16070913,     0.74024063,  11.92490363,  32.28946414]]
music/Black Metal/Lifelover - Androider.mp3; [-506.9269    , 107.68768   , -12.099365  ,  18.007101  ,   3.6337461 ,   13.737287  ,   2.4978392 ,   6.813063  ,   1.3175906 ,   0.53025526,   -2.572989  ,  -0.7034755 ,  -2.8849444 ]; [[20424.77264592,-9456.67638622,  359.95087823, 3619.54025033,   1048.1698399 ,  452.82396587, -360.18935678,  469.28811079,    501.20264749,  333.42002112, -265.61254424, -349.66385521,     71.85329649], [-9456.67638622, 6384.241814  , -148.47459885,-1298.75576655,    -60.19837806, -193.67947277,   33.982921  , -320.32133535,   -261.21679583, -220.97710024,    4.31925077,   99.05059459,    -17.86162647], [  359.95087823, -148.47459885,  468.98154352,  -10.33252198,    123.72522078,  102.74947549,   -6.17147964,   -6.58314132,     -4.08999409,  -36.58503213,  -15.42660885,  -16.35903319,    -13.45303036], [ 3619.54025033,-1298.75576655,  -10.33252198, 1260.6611198 ,    449.87752339,   59.66246095, -145.41229658,   54.61907954,    114.37882836,   56.22525604, -145.85840483, -122.49581273,     43.5438172 ], [ 1048.1698399 ,  -60.19837806,  123.72522078,  449.87752339,    402.08139095,   52.66390834,  -82.96086869,   -3.67073113,     48.47042524,  -13.61540418,  -86.00702439,  -68.55984395,     11.43258191], [  452.82396587, -193.67947277,  102.74947549,   59.66246095,     52.66390834,  120.47497607,   41.55417337,   37.16472024,     17.34881424,    7.19102441,    5.5662826 ,   -5.19707599,     -1.87890987], [ -360.18935678,   33.982921  ,   -6.17147964, -145.41229658,    -82.96086869,   41.55417337,  135.3007826 ,   64.09768714,     12.2004785 ,   11.70976212,   38.11451348,   35.17033561,      7.25877301], [  469.28811079, -320.32133535,   -6.58314132,   54.61907954,     -3.67073113,   37.16472024,   64.09768714,  105.33584668,     48.92577931,   29.6409521 ,   20.23648357,   12.16611474,     10.04205842], [  501.20264749, -261.21679583,   -4.08999409,  114.37882836,     48.47042524,   17.34881424,   12.2004785 ,   48.92577931,     78.04959515,   38.53391461,    1.72394421,   -3.20333796,     11.54714418], [  333.42002112, -220.97710024,  -36.58503213,   56.22525604,    -13.61540418,    7.19102441,   11.70976212,   29.6409521 ,     38.53391461,   66.97202643,   31.43642503,   11.94490759,      8.1967858 ], [ -265.61254424,    4.31925077,  -15.42660885, -145.85840483,    -86.00702439,    5.5662826 ,   38.11451348,   20.23648357,      1.72394421,   31.43642503,   83.376955  ,   46.27399779,      4.10434743], [ -349.66385521,   99.05059459,  -16.35903319, -122.49581273,    -68.55984395,   -5.19707599,   35.17033561,   12.16611474,     -3.20333796,   11.94490759,   46.27399779,   61.62641906,     18.50226485], [   71.85329649,  -17.86162647,  -13.45303036,   43.5438172 ,     11.43258191,   -1.87890987,    7.25877301,   10.04205842,     11.54714418,    8.1967858 ,    4.10434743,   18.50226485,     42.69632942]]
music/Black Metal/Emperor - I Am The Black Wizards.mp3; [-524.9298    ,  72.76598   ,  -0.777335  ,  12.995271  ,   9.160125  ,   10.511825  ,   0.3799845 ,  -0.3150647 ,   0.03351769,  -1.4430138 ,   -7.1890965 ,   2.1797059 ,  -5.181015  ]; [[3991.56494592,  30.84156827, -34.14724472,  94.868915  ,  35.24722421,   115.79834821,  64.03712055,  86.60533792,  -5.9032881 ,   5.43900088,     7.73246807,  60.30377678,  22.26256946], [  30.84156827, 278.16816032,  14.92119559, -11.68677195,  11.31636256,    -6.67141549,  19.81836208,   4.81922182,  18.95978642,   7.3521794 ,    19.0963935 ,  -1.17885088,  -8.25378586], [ -34.14724472,  14.92119559, 178.4365569 , 123.2420669 ,  32.22988435,    13.83190098,  17.73350822,  29.12628702,  27.96302778,  23.44248401,     9.56490982,   0.47183561,   1.42293643], [  94.868915  , -11.68677195, 123.2420669 , 160.72717452,  55.10036904,    34.20410507,  22.55509667,  28.58136351,  19.52583399,  19.73711561,     5.59260584,   4.99950674,   6.54207018], [  35.24722421,  11.31636256,  32.22988435,  55.10036904, 107.75159671,    63.39409309,  32.71041133,  14.37635901,  10.22385749,   4.60784438,    13.84080788,  14.57072218,   9.30777595], [ 115.79834821,  -6.67141549,  13.83190098,  34.20410507,  63.39409309,    94.29941237,  46.77563049,  16.55722145,  -0.79321871,  11.62424892,    14.90678022,  15.35217079,  12.86087748], [  64.03712055,  19.81836208,  17.73350822,  22.55509667,  32.71041133,    46.77563049,  65.74690276,  28.60320248,  15.73275376,   7.36722061,     9.89848316,   6.56239686,   8.2439187 ], [  86.60533792,   4.81922182,  29.12628702,  28.58136351,  14.37635901,    16.55722145,  28.60320248,  64.54819136,  32.00512261,  16.33031738,     8.26867935,  10.00584448,   8.21027985], [  -5.9032881 ,  18.95978642,  27.96302778,  19.52583399,  10.22385749,    -0.79321871,  15.73275376,  32.00512261,  55.39704666,  26.74336264,     9.80201739,   3.55783432,   3.85780186], [   5.43900088,   7.3521794 ,  23.44248401,  19.73711561,   4.60784438,    11.62424892,   7.36722061,  16.33031738,  26.74336264,  49.244093  ,    26.35324236,   7.94615662,   3.69560732], [   7.73246807,  19.0963935 ,   9.56490982,   5.59260584,  13.84080788,    14.90678022,   9.89848316,   8.26867935,   9.80201739,  26.35324236,    43.52908969,  21.98563786,   6.63185057], [  60.30377678,  -1.17885088,   0.47183561,   4.99950674,  14.57072218,    15.35217079,   6.56239686,  10.00584448,   3.55783432,   7.94615662,    21.98563786,  41.80613188,  22.12397043], [  22.26256946,  -8.25378586,   1.42293643,   6.54207018,   9.30777595,    12.86087748,   8.2439187 ,   8.21027985,   3.85780186,   3.69560732,     6.63185057,  22.12397043,  37.55697802]]
