music/Black Metal/Immortal - All Shall Fall.mp3; [-510.62128   , 101.923965  , -16.274992  ,  42.890907  ,  14.710493  ,    9.75479   ,   8.680969  ,  13.560392  ,   1.3903468 ,  -1.548309  ,   -0.35494787,   1.1292021 ,  -3.9376113 ]; [[18076.69335738,-2429.42250883,-1605.96920803,  587.05390619,    345.81592209,  265.57296827,  200.10009125,  578.09323355,     63.28000213,  -29.41314129,  -51.57045855,   66.99955732,    -25.65564175], [-2429.42250883, 1780.58022883,  109.81227661,   87.23156718,    -66.1877943 ,  -45.34243251,   24.45012319, -139.36011823,    -25.78575062,  -75.29408792,   -0.61605958,   -2.45304191,    -23.74536546], [-1605.96920803,  109.81227661,  699.83633447, -151.39496495,     36.19931885,    0.90254183,  -73.66842893,  -19.23367522,     -4.01016734,   85.48227394,   40.09242635,   -6.15366492,     29.44774711], [  587.05390619,   87.23156718, -151.39496495,  162.53406903,     14.27891325,    6.15364288,   29.16301642,    3.85458402,      4.71818789,  -36.12797618,  -18.33645262,   12.72707675,      1.63799682], [  345.81592209,  -66.1877943 ,   36.19931885,   14.27891325,     81.41916482,   31.99165312,    2.70886245,   14.30054503,      4.47577151,   14.10930067,    6.49755101,    4.11796678,     10.3078856 ], [  265.57296827,  -45.34243251,    0.90254183,    6.15364288,     31.99165312,   57.15778556,   18.21897865,   12.17739373,     -0.30546861,    4.18891181,   -2.68589179,   -2.11523454,      1.06125827], [  200.10009125,   24.45012319,  -73.66842893,   29.16301642,      2.70886245,   18.21897865,   72.43452676,   31.90730955,     10.9207883 ,  -12.14963584,   -2.45257088,    4.31554264,     -0.97307577], [  578.09323355, -139.36011823,  -19.23367522,    3.85458402,     14.30054503,   12.17739373,   31.90730955,   73.82269676,     23.13497031,   15.37084948,    6.80245467,    5.30462697,      5.01064706], [   63.28000213,  -25.78575062,   -4.01016734,    4.71818789,      4.47577151,   -0.30546861,   10.9207883 ,   23.13497031,     47.76485926,   25.7542385 ,    8.37798376,    3.29294498,      3.90497304], [  -29.41314129,  -75.29408792,   85.48227394,  -36.12797618,     14.10930067,    4.18891181,  -12.14963584,   15.37084948,     25.7542385 ,   70.19432487,   34.27013234,    4.0570257 ,      3.65720673], [  -51.57045855,   -0.61605958,   40.09242635,  -18.33645262,      6.49755101,   -2.68589179,   -2.45257088,    6.80245467,      8.37798376,   34.27013234,   48.22405953,   19.28314082,      6.2238573 ], [   66.99955732,   -2.45304191,   -6.15366492,   12.72707675,      4.11796678,   -2.11523454,    4.31554264,    5.30462697,      3.29294498,    4.0570257 ,   19.28314082,   41.90636535,     22.0309968 ], [  -25.65564175,  -23.74536546,   29.44774711,    1.63799682,     10.3078856 ,    1.06125827,   -0.97307577,    5.01064706,      3.90497304,    3.65720673,    6.2238573 ,   22.0309968 ,     39.13934272]]
music/Klassik Orchester/Tchaikovsky_ Piano Concerto No1 In B Flat Minor Op23 TH55 - 1 Allegro non troppo e mo.mp3; [-774.8079    , 187.0524    , -28.481043  ,   0.81216145,  -9.962351  ,   -9.915321  ,  -9.962225  ,  -7.928244  ,  -7.520411  ,  -4.6965446 ,   -6.000426  ,  -5.0052767 ,  -3.872057  ]; [[13110.41364378,  661.72412409,-2594.46834806,  939.18361745,   -804.15292974,  -48.77950303, -121.69404408,   56.94228   ,   -207.79010372,  -20.227399  , -150.30738652,  -10.48030743,    -53.62664116], [  661.72412409, 1376.85124555,  -66.53213682,  -78.58853999,     74.13421849,  -18.91279923,   47.01745849,  -76.93675889,      6.02194238,  -28.67537873,   24.48759501,    8.7793807 ,     -5.80157172], [-2594.46834806,  -66.53213682,  949.798242  ,  -62.02415982,    262.84358124,   91.45339701,   62.40737266,   63.57986775,     80.18543851,   48.85405083,   53.73490265,   25.52495694,     38.34641736], [  939.18361745,  -78.58853999,  -62.02415982,  322.21373765,     14.20120706,   48.02584341,   20.77784912,   24.32149315,     -5.06947863,   19.59634875,   -1.4406088 ,   19.82116867,     31.0871019 ], [ -804.15292974,   74.13421849,  262.84358124,   14.20120706,    208.75930297,   64.24004325,   36.05690166,   23.36623604,     23.87861266,   14.77688067,   22.22786338,   23.13476141,     29.76509754], [  -48.77950303,  -18.91279923,   91.45339701,   48.02584341,     64.24004325,  131.81674565,   48.7120285 ,   23.99855778,     19.79902792,   10.10657809,   17.3185113 ,   15.25355225,     15.20555426], [ -121.69404408,   47.01745849,   62.40737266,   20.77784912,     36.05690166,   48.7120285 ,   87.42278993,   32.14362677,     14.67870212,   10.34037606,   14.16241821,   14.58777037,      8.15516817], [   56.94228   ,  -76.93675889,   63.57986775,   24.32149315,     23.36623604,   23.99855778,   32.14362677,  112.947422  ,     54.69159366,   20.50795325,    5.41375536,    5.94240138,     17.49497822], [ -207.79010372,    6.02194238,   80.18543851,   -5.06947863,     23.87861266,   19.79902792,   14.67870212,   54.69159366,     99.81777957,   41.23747486,    3.24350755,    6.47748492,     10.71913855], [  -20.227399  ,  -28.67537873,   48.85405083,   19.59634875,     14.77688067,   10.10657809,   10.34037606,   20.50795325,     41.23747486,   87.1878009 ,   32.37229516,    7.00513305,     13.32364278], [ -150.30738652,   24.48759501,   53.73490265,   -1.4406088 ,     22.22786338,   17.3185113 ,   14.16241821,    5.41375536,      3.24350755,   32.37229516,   86.97583766,   36.88704559,      0.78809451], [  -10.48030743,    8.7793807 ,   25.52495694,   19.82116867,     23.13476141,   15.25355225,   14.58777037,    5.94240138,      6.47748492,    7.00513305,   36.88704559,   78.09874469,     30.4541148 ], [  -53.62664116,   -5.80157172,   38.34641736,   31.0871019 ,     29.76509754,   15.20555426,    8.15516817,   17.49497822,     10.71913855,   13.32364278,    0.78809451,   30.4541148 ,     82.08520048]]
music/Klassik Orchester/Rachmaninoff - The Isle of the Dead Op 29.mp3; [-877.68665  , 163.54295  ,  -7.764877 ,  -1.7997903, -11.815404 ,  -13.741692 , -13.086228 , -11.040612 , -10.400573 ,  -8.074438 ,   -6.783732 ,  -4.702432 ,  -1.5555371]; [[12175.66117446,  892.4237654 ,-4823.75965305,  628.96789879,   -490.51640825,  -30.87666555, -172.82500947, -121.20358701,   -144.5036555 ,   39.76745151,   64.65924379,   14.01646649,     15.8832182 ], [  892.4237654 , 1310.4669694 ,   57.74860102,  -57.28464674,    205.22296566,   36.92211344,   68.40345191,  -11.06262617,     28.26721117,   15.64626769,    9.16263841,    0.36770232,    -19.34078511], [-4823.75965305,   57.74860102, 2704.28254938,   -8.49358914,    279.25787996,  192.85289325,  165.90791601,   89.39726991,    100.23005827,   22.03764674,  -11.99525488,   -3.79757033,    -41.87381141], [  628.96789879,  -57.28464674,   -8.49358914,  396.81696685,     37.15870197,   74.05919804,   65.01484311,   36.81473496,     23.20128228,   24.921892  ,   18.82286763,    4.35484046,     -4.02351872], [ -490.51640825,  205.22296566,  279.25787996,   37.15870197,    216.88114279,   69.58812635,   56.33756164,   31.74554346,     33.58594191,   15.68775016,    5.24649854,    9.97542325,     -8.72829565], [  -30.87666555,   36.92211344,  192.85289325,   74.05919804,     69.58812635,  160.91505098,   78.20343561,   24.35905711,     20.82507003,   15.9938145 ,    9.95128207,    3.92701251,    -14.44929139], [ -172.82500947,   68.40345191,  165.90791601,   65.01484311,     56.33756164,   78.20343561,  119.51804617,   54.60150414,     21.43305597,   12.17187724,   10.84841574,    5.58248284,     -9.42003669], [ -121.20358701,  -11.06262617,   89.39726991,   36.81473496,     31.74554346,   24.35905711,   54.60150414,   90.58365426,     49.50676299,    6.85418166,   -0.41268543,    4.33006018,      4.45432972], [ -144.5036555 ,   28.26721117,  100.23005827,   23.20128228,     33.58594191,   20.82507003,   21.43305597,   49.50676299,     91.36491508,   45.62349289,   -4.69365161,   -2.99833277,      9.23434584], [   39.76745151,   15.64626769,   22.03764674,   24.921892  ,     15.68775016,   15.9938145 ,   12.17187724,    6.85418166,     45.62349289,   81.27901695,   38.24374684,   -1.63552168,     -0.70890481], [   64.65924379,    9.16263841,  -11.99525488,   18.82286763,      5.24649854,    9.95128207,   10.84841574,   -0.41268543,     -4.69365161,   38.24374684,   92.17598576,   50.80416404,     -9.21931666], [   14.01646649,    0.36770232,   -3.79757033,    4.35484046,      9.97542325,    3.92701251,    5.58248284,    4.33006018,     -2.99833277,   -1.63552168,   50.80416404,  100.23370461,     44.07011683], [   15.8832182 ,  -19.34078511,  -41.87381141,   -4.02351872,     -8.72829565,  -14.44929139,   -9.42003669,    4.45432972,      9.23434584,   -0.70890481,   -9.21931666,   44.07011683,    102.30383589]]
music/Klassik Orchester/Ludovico Einaudi - Divenire.mp3; [-751.1404    , 201.83904   , -16.861887  ,  14.991464  ,  -0.09283338,   -7.3651056 ,  -3.0861657 ,  -3.7622764 ,  -3.9269803 ,  -2.1407835 ,   -6.0441394 ,  -1.9862598 ,   4.1677976 ]; [[11375.37955965, -619.50579463, -913.54943529,  447.6195116 ,   -442.7978633 ,  416.76771554,  -21.01271974,  214.35707147,     83.05258425,   59.25646943,   92.26502557,  250.66334044,    290.2321541 ], [ -619.50579463, 1191.00904083, -124.02113501, -161.97003976,     63.33479701, -174.08474051,  -33.5962273 ,  -92.33635752,    -54.57181699,  -41.94162953,  -54.88731369,  -50.70500683,    -50.40134606], [ -913.54943529, -124.02113501,  394.20318973,  -25.93171834,     46.8243849 ,   26.80661583,    2.33451496,   15.68577518,      9.67082834,   -3.19882805,    4.90916851,  -28.07652293,    -19.24325553], [  447.6195116 , -161.97003976,  -25.93171834,  275.90108688,    -11.53072244,   39.55135353,   41.71760599,   32.0556688 ,     37.09222426,   32.75592368,    4.33431018,  -13.67716772,     -3.05445146], [ -442.7978633 ,   63.33479701,   46.8243849 ,  -11.53072244,    111.59784046,   12.87944694,    6.21382119,   -0.60214884,     -0.48871356,   -0.2598669 ,   -5.47918599,   -7.71780834,     -3.26379916], [  416.76771554, -174.08474051,   26.80661583,   39.55135353,     12.87944694,  134.28399524,   46.89211153,   44.45013652,     23.76166334,    6.50275048,   10.30635057,   17.02194556,     20.8172228 ], [  -21.01271974,  -33.5962273 ,    2.33451496,   41.71760599,      6.21382119,   46.89211153,  108.39476795,   59.63705881,     27.66203294,   21.30711597,   10.29165241,    7.45227094,      8.04611871], [  214.35707147,  -92.33635752,   15.68577518,   32.0556688 ,     -0.60214884,   44.45013652,   59.63705881,  103.73808134,     49.12817965,   21.01219136,   18.43596889,    8.06471589,     16.56037501], [   83.05258425,  -54.57181699,    9.67082834,   37.09222426,     -0.48871356,   23.76166334,   27.66203294,   49.12817965,     83.95193769,   47.33894374,   21.05292244,    6.23954984,     -1.41882044], [   59.25646943,  -41.94162953,   -3.19882805,   32.75592368,     -0.2598669 ,    6.50275048,   21.30711597,   21.01219136,     47.33894374,   91.98390345,   52.53691583,   14.30484894,     -1.57205898], [   92.26502557,  -54.88731369,    4.90916851,    4.33431018,     -5.47918599,   10.30635057,   10.29165241,   18.43596889,     21.05292244,   52.53691583,   89.25608405,   47.67338174,      8.69597123], [  250.66334044,  -50.70500683,  -28.07652293,  -13.67716772,     -7.71780834,   17.02194556,    7.45227094,    8.06471589,      6.23954984,   14.30484894,   47.67338174,   98.78585354,     51.05907871], [  290.2321541 ,  -50.40134606,  -19.24325553,   -3.05445146,     -3.26379916,   20.8172228 ,    8.04611871,   16.56037501,     -1.41882044,   -1.57205898,    8.69597123,   51.05907871,     87.18266888]]
music/Klassik Orchester/J Strauss I_ Radetzky-Marsch Op228.mp3; [-718.2766    , 152.18402   , -26.176973  ,  -2.8231099 ,  -6.5843    ,   -3.8317766 ,  -9.378113  ,  -4.966135  ,  -7.536933  ,   0.85414135,   -0.03523093,  -0.02343085,  -0.79761434]; [[11228.71331194,-1020.62582365,  329.33004178,  489.12113611,     59.07118562,   12.12271215,   93.77552302,  298.70128863,     26.30583192,   31.55547338,   51.20941874,   55.89249976,    -25.98102552], [-1020.62582365,  900.20140079, -269.09627363, -151.9345212 ,    -90.35042812,  -66.17112258,  -82.85195747,  -94.36947367,    -50.08498604,  -23.87921824,  -19.49517864,  -18.86173749,     -0.52904768], [  329.33004178, -269.09627363,  522.77483568,   98.87471027,     90.61726869,   37.86117299,   64.11500319,   34.73060514,     31.73334226,    2.59541977,   21.38565852,   11.57042043,    -17.06510805], [  489.12113611, -151.9345212 ,   98.87471027,  188.64618534,     70.97534574,   33.9581246 ,   40.34880866,   55.62771135,     13.46444612,    7.87932282,   14.72480284,    5.61485847,    -19.15935312], [   59.07118562,  -90.35042812,   90.61726869,   70.97534574,    113.78545723,   50.74280237,   42.09082273,   30.55499204,     22.93962956,   12.76154656,   18.82279801,    5.41692788,     -7.50288158], [   12.12271215,  -66.17112258,   37.86117299,   33.9581246 ,     50.74280237,   84.48517136,   43.94881007,   15.48477027,     17.14529213,   20.1704072 ,    9.6538872 ,    0.59945854,     -4.16163899], [   93.77552302,  -82.85195747,   64.11500319,   40.34880866,     42.09082273,   43.94881007,   80.02175867,   43.47895432,     15.63370948,   13.1002322 ,   19.58223483,    5.38012524,     -7.95153275], [  298.70128863,  -94.36947367,   34.73060514,   55.62771135,     30.55499204,   15.48477027,   43.47895432,   83.16006149,     29.89859844,    3.31828917,   12.40852535,   10.12284021,     -0.90846133], [   26.30583192,  -50.08498604,   31.73334226,   13.46444612,     22.93962956,   17.14529213,   15.63370948,   29.89859844,     59.52502606,   26.81481797,    0.02868996,   -0.43574686,      7.28682777], [   31.55547338,  -23.87921824,    2.59541977,    7.87932282,     12.76154656,   20.1704072 ,   13.1002322 ,    3.31828917,     26.81481797,   56.34481035,   19.6028675 ,   -7.35442849,     -6.24526737], [   51.20941874,  -19.49517864,   21.38565852,   14.72480284,     18.82279801,    9.6538872 ,   19.58223483,   12.40852535,      0.02868996,   19.6028675 ,   60.32820791,   26.94318818,    -10.19205296], [   55.89249976,  -18.86173749,   11.57042043,    5.61485847,      5.41692788,    0.59945854,    5.38012524,   10.12284021,     -0.43574686,   -7.35442849,   26.94318818,   68.38582012,     36.42282302], [  -25.98102552,   -0.52904768,  -17.06510805,  -19.15935312,     -7.50288158,   -4.16163899,   -7.95153275,   -0.90846133,      7.28682777,   -6.24526737,  -10.19205296,   36.42282302,     84.75442472]]
music/Klassik Orchester/Liszt - Totentanz.mp3; [-832.31445   , 175.62352   ,  -8.431171  ,   0.8618023 ,  -7.7698836 ,   -6.0844913 ,  -6.9976664 ,  -7.2094283 ,  -6.463994  ,  -2.2027853 ,   -1.375192  ,  -0.82008797,  -1.1739129 ]; [[21047.02816917, 3808.9220596 ,-4669.84903656,  728.65704365,   -462.63507279,  -65.03691947, -432.3338326 , -307.79901755,   -381.16550595, -210.39529006, -410.83897711, -461.2403647 ,   -348.38451844], [ 3808.9220596 , 2353.73460889, -901.02588172,  -83.84232223,   -119.23401171, -183.88858994, -173.30665863, -188.31547572,   -170.17272403, -128.38396244,  -99.62307201, -122.2126017 ,    -87.51255685], [-4669.84903656, -901.02588172, 1707.70164142,  -59.6521556 ,     66.87268161,  -22.19462627,   23.88623763,   45.64272288,     49.79041192,   21.40782956,   71.34616414,   99.80157961,     61.49851048], [  728.65704365,  -83.84232223,  -59.6521556 ,  451.79441558,     92.49547237,   37.63466918,  -15.79260339,   -3.82565213,      0.4437245 ,  -12.6356367 ,  -29.44836695,  -25.27312196,    -11.62753705], [ -462.63507279, -119.23401171,   66.87268161,   92.49547237,    238.58841919,   89.00325715,   34.07649666,   10.24881754,     12.28200927,    8.2161419 ,    5.85233394,    3.69436341,      1.7837871 ], [  -65.03691947, -183.88858994,  -22.19462627,   37.63466918,     89.00325715,  183.97915134,   96.06331056,   46.23172521,     23.82384794,   10.61661581,   12.84341447,    3.55578996,    -16.81394814], [ -432.3338326 , -173.30665863,   23.88623763,  -15.79260339,     34.07649666,   96.06331056,  157.31646904,   84.27486914,     36.15588038,   18.74391699,   21.40547746,   10.43321727,     -9.82320621], [ -307.79901755, -188.31547572,   45.64272288,   -3.82565213,     10.24881754,   46.23172521,   84.27486914,  127.05686995,     73.77139912,   20.36362294,    8.44261601,    5.35815691,     -6.14767889], [ -381.16550595, -170.17272403,   49.79041192,    0.4437245 ,     12.28200927,   23.82384794,   36.15588038,   73.77139912,    117.18990556,   50.67530193,    1.32550047,   -0.76812908,      1.0262743 ], [ -210.39529006, -128.38396244,   21.40782956,  -12.6356367 ,      8.2161419 ,   10.61661581,   18.74391699,   20.36362294,     50.67530193,   97.57747085,   41.15925927,   -4.21393792,      2.36303324], [ -410.83897711,  -99.62307201,   71.34616414,  -29.44836695,      5.85233394,   12.84341447,   21.40547746,    8.44261601,      1.32550047,   41.15925927,   99.21687592,   51.59134449,      4.63091878], [ -461.2403647 , -122.2126017 ,   99.80157961,  -25.27312196,      3.69436341,    3.55578996,   10.43321727,    5.35815691,     -0.76812908,   -4.21393792,   51.59134449,  109.5190732 ,     47.33648789], [ -348.38451844,  -87.51255685,   61.49851048,  -11.62753705,      1.7837871 ,  -16.81394814,   -9.82320621,   -6.14767889,      1.0262743 ,    2.36303324,    4.63091878,   47.33648789,     93.84108302]]
music/Klassik Orchester/Mozart_ Requiem In D Minor K626 - 3 Sequentia_ Lacrimosa.mp3; [-791.444     , 175.89502   , -22.620413  ,   0.8144956 ,  -8.102654  ,  -19.284601  , -11.431601  ,   0.5820009 ,  -6.739667  ,  -0.65975016,   -0.14199121,   2.1001163 ,   1.4047246 ]; [[18993.51966734, 1631.89977619,-3538.34849513, 1037.09780319,   -425.90137383,  313.51588547,   92.96229508,  484.64268801,   -377.00212912,  125.17899953,   86.36804773,   54.7550305 ,   -453.73794197], [ 1631.89977619, 1130.08275788, -144.74477407,   -3.34429936,    -11.01604513,  -82.04284545,  -25.68828002,  -25.51675787,    -84.92293339,  -24.37238239,    1.96375131,  -15.71211526,    -61.70702811], [-3538.34849513, -144.74477407,  962.27765071, -143.43944596,    124.66406292,    4.53674999,   12.9436178 ,  -88.89183991,     88.55286032,  -18.80920052,  -15.81547087,   -0.54913502,     95.8750111 ], [ 1037.09780319,   -3.34429936, -143.43944596,  258.52065311,     89.28065596,  106.35192657,   56.07294323,   43.2406245 ,     16.26556001,   36.37360297,    6.45282936,    7.74976057,     -9.36843517], [ -425.90137383,  -11.01604513,  124.66406292,   89.28065596,    168.22596754,   79.8808172 ,   29.82924569,   -7.07192632,     33.54838517,   26.91977426,    8.48043592,   -0.27480505,     17.11523293], [  313.51588547,  -82.04284545,    4.53674999,  106.35192657,     79.8808172 ,  177.55294137,   91.4353014 ,   35.83992682,     36.22821864,   28.4527912 ,    8.11994454,    5.71526892,      3.66802495], [   92.96229508,  -25.68828002,   12.9436178 ,   56.07294323,     29.82924569,   91.4353014 ,  123.67501895,   64.21171879,     26.37888018,    8.44926978,   -6.22060061,    2.20313459,      7.90751342], [  484.64268801,  -25.51675787,  -88.89183991,   43.2406245 ,     -7.07192632,   35.83992682,   64.21171879,  122.18696304,     29.42425008,   -1.70714573,   -4.8718591 ,    5.21250606,     -6.27405796], [ -377.00212912,  -84.92293339,   88.55286032,   16.26556001,     33.54838517,   36.22821864,   26.37888018,   29.42425008,     89.98514483,   40.17527572,    1.44338921,   -6.10398598,     11.92124935], [  125.17899953,  -24.37238239,  -18.80920052,   36.37360297,     26.91977426,   28.4527912 ,    8.44926978,   -1.70714573,     40.17527572,   82.60850397,   36.47531098,   -2.76644063,     -4.91009365], [   86.36804773,    1.96375131,  -15.81547087,    6.45282936,      8.48043592,    8.11994454,   -6.22060061,   -4.8718591 ,      1.44338921,   36.47531098,   66.54796183,   31.17034006,     -2.75140555], [   54.7550305 ,  -15.71211526,   -0.54913502,    7.74976057,     -0.27480505,    5.71526892,    2.20313459,    5.21250606,     -6.10398598,   -2.76644063,   31.17034006,   72.96346972,     36.13705926], [ -453.73794197,  -61.70702811,   95.8750111 ,   -9.36843517,     17.11523293,    3.66802495,    7.90751342,   -6.27405796,     11.92124935,   -4.91009365,   -2.75140555,   36.13705926,     89.77066738]]
music/Klassik Orchester/Pachelbel_ Canon And Gigue In D Major - 1 Canon.mp3; [-757.0207    , 140.90166   ,  -5.6002207 ,  25.393862  ,  -7.958833  ,   -1.2631843 , -10.903324  ,  -2.3031225 ,  -2.2909214 ,  -1.0180385 ,   -8.149221  ,  -1.0715733 ,   0.77580124]; [[6611.04073959, 860.81856582,-543.35597086, 100.55026276,-309.70200396,  -114.62771992,-222.66801112,  16.43192684, -17.16547658, -17.74453139,  -179.59962031,-107.60513738, -96.39676263], [ 860.81856582,1043.24002518,   9.30612703, 115.57425985,  15.91843487,   -11.2689281 , -43.41752552, -57.04126938, -43.15346985, -48.56440685,   -44.95113899, -14.15221641,  31.96298118], [-543.35597086,   9.30612703, 348.81483867,  62.85014338,  65.01498992,    50.00217531,  32.98983934,  -7.60702677, -31.28559356,  -8.51854063,   -19.964304  , -10.38284784,   5.19231085], [ 100.55026276, 115.57425985,  62.85014338, 143.21719509,  42.55303326,    25.7669844 ,   9.77623405,   0.46494304,   6.93214439,  -3.033427  ,    -8.6820416 ,  -9.4115134 ,  -5.76504558], [-309.70200396,  15.91843487,  65.01498992,  42.55303326, 138.34796975,    39.01442094,  11.36737355,   4.90995984,  -0.29014365,  -5.3344326 ,     6.01411205,   7.93749296,   5.7882727 ], [-114.62771992, -11.2689281 ,  50.00217531,  25.7669844 ,  39.01442094,   103.07284683,  40.12937332,   6.44436276,   4.65252579,   0.32907309,    -4.25069854, -20.10142969,  -7.03761828], [-222.66801112, -43.41752552,  32.98983934,   9.77623405,  11.36737355,    40.12937332, 111.28301098,  20.1310922 ,   9.63467165,   0.38904946,    -9.83157385, -22.6940378 ,   1.79496467], [  16.43192684, -57.04126938,  -7.60702677,   0.46494304,   4.90995984,     6.44436276,  20.1310922 ,  88.0778435 ,  25.2057059 ,   5.48629885,    -4.29415861,  -4.48348334,  -4.58183001], [ -17.16547658, -43.15346985, -31.28559356,   6.93214439,  -0.29014365,     4.65252579,   9.63467165,  25.2057059 ,  90.81412887,  20.98177548,     9.07715404,  -3.92801281, -11.27840851], [ -17.74453139, -48.56440685,  -8.51854063,  -3.033427  ,  -5.3344326 ,     0.32907309,   0.38904946,   5.48629885,  20.98177548,  96.45513949,    34.98091514,   8.62260507,  -3.63286518], [-179.59962031, -44.95113899, -19.964304  ,  -8.6820416 ,   6.01411205,    -4.25069854,  -9.83157385,  -4.29415861,   9.07715404,  34.98091514,   111.83679322,  44.13300195,  -1.13952381], [-107.60513738, -14.15221641, -10.38284784,  -9.4115134 ,   7.93749296,   -20.10142969, -22.6940378 ,  -4.48348334,  -3.92801281,   8.62260507,    44.13300195, 111.9858126 ,  35.39088968], [ -96.39676263,  31.96298118,   5.19231085,  -5.76504558,   5.7882727 ,    -7.03761828,   1.79496467,  -4.58183001, -11.27840851,  -3.63286518,    -1.13952381,  35.39088968,  96.60080593]]
