music/Klassik Orchester/Orchestre Montreal - Saint-Saëns_ Danse Macabre Op40 R171.mp3; [-863.9652   , 161.50932  ,  -5.2007365,  12.686606 ,   2.3344219,   -7.8271546,  -3.6613967,  -2.6414163,  -3.5676363,  -1.3504742,   -4.4418097,  -2.0280635,   0.6561747]; [[13362.78934159, 2117.45142759,-2870.27516416,  186.92649259,   -553.12509668,  -96.52179192,  -37.54882925,  -59.03016003,   -160.12245907,   48.8505871 ,  -77.59166859,  -93.53372542,   -146.79725083], [ 2117.45142759, 1827.32664471, -264.83917339,   -6.31784144,    100.26415374,  -22.79691429,   38.89601001,  -29.16794436,    -13.1725343 ,  -12.42178736,  -28.57291378,  -46.96374277,    -50.516553  ], [-2870.27516416, -264.83917339, 1354.11235869,  103.31766136,    316.36172934,  211.22425803,   80.08958763,   98.11901886,     93.34880486,   40.61990719,   60.4975526 ,    1.78767495,    -14.59351639], [  186.92649259,   -6.31784144,  103.31766136,  376.24683067,    142.01744897,   86.87975299,   89.06489481,   71.37513953,     64.48390405,   38.84548859,   -6.05492323,    1.83460664,      8.96463535], [ -553.12509668,  100.26415374,  316.36172934,  142.01744897,    272.27275771,  142.21112375,   96.86185829,   79.24610459,     67.10513683,   29.83410429,   14.25060032,   -1.9307404 ,     -1.261407  ], [  -96.52179192,  -22.79691429,  211.22425803,   86.87975299,    142.21112375,  223.80825575,  106.38261829,   71.278081  ,     58.97864866,   36.16606124,   45.31069323,   14.28516588,    -11.08883471], [  -37.54882925,   38.89601001,   80.08958763,   89.06489481,     96.86185829,  106.38261829,  139.06724899,   78.80015642,     39.62941247,   25.0159821 ,   23.90402071,   16.38843605,     12.4069998 ], [  -59.03016003,  -29.16794436,   98.11901886,   71.37513953,     79.24610459,   71.278081  ,   78.80015642,  129.5559289 ,     70.43131353,   26.27037404,   17.11711726,   12.65650938,     19.78261235], [ -160.12245907,  -13.1725343 ,   93.34880486,   64.48390405,     67.10513683,   58.97864866,   39.62941247,   70.43131353,    111.49324955,   49.20375834,   10.89982445,    4.62599498,      8.41392171], [   48.8505871 ,  -12.42178736,   40.61990719,   38.84548859,     29.83410429,   36.16606124,   25.0159821 ,   26.27037404,     49.20375834,   93.61376956,   52.77470287,    5.47221881,     -0.22813281], [  -77.59166859,  -28.57291378,   60.4975526 ,   -6.05492323,     14.25060032,   45.31069323,   23.90402071,   17.11711726,     10.89982445,   52.77470287,  115.73865628,   50.52865805,     -3.82537692], [  -93.53372542,  -46.96374277,    1.78767495,    1.83460664,     -1.9307404 ,   14.28516588,   16.38843605,   12.65650938,      4.62599498,    5.47221881,   50.52865805,   99.73053581,     49.05012312], [ -146.79725083,  -50.516553  ,  -14.59351639,    8.96463535,     -1.261407  ,  -11.08883471,   12.4069998 ,   19.78261235,      8.41392171,   -0.22813281,   -3.82537692,   49.05012312,    104.85867073]]
music/Klassik Orchester/Grieg_ Peer Gynt Suite No1 Op46 - 4 In der Halle des Bergkönigs.mp3; [-824.7142   , 148.12396  ,  34.3223   ,  23.245014 ,   8.904427 ,    4.152035 ,   1.8837891,   3.972337 ,   3.1618586,   7.023723 ,    5.7473946,   4.1700454,   2.7339091]; [[45563.97163018, -235.85314922,-7734.87316071,-1881.91518865,  -1449.82788533, -444.21001218, -656.03541071, -490.0962185 ,  -1041.9499216 , -495.60240813, -797.24012113, -763.37866262,   -685.92394554], [ -235.85314922, 2228.00210121, -116.97075335, -146.42591775,     56.60107313,  -96.4519967 ,  -74.91228806,  -43.04470191,    -17.91351908,  -33.05638843,  -33.55767237,  -43.13311529,    -23.61060392], [-7734.87316071, -116.97075335, 2103.99279953,  565.04174754,    374.37474075,  162.94538532,  199.84526576,  155.43799658,    243.27551968,  120.07459835,  184.1778592 ,  184.93557553,    147.50306651], [-1881.91518865, -146.42591775,  565.04174754,  393.69314939,    134.0426303 ,   82.95966754,   97.36860068,   83.10645374,     79.87572978,   38.19347219,   36.33446472,   52.61660801,     43.70140285], [-1449.82788533,   56.60107313,  374.37474075,  134.0426303 ,    177.77499296,   79.64154929,   59.11442272,   37.93958896,     57.49715538,   27.05718976,   30.71963153,   25.76475857,     24.45908449], [ -444.21001218,  -96.4519967 ,  162.94538532,   82.95966754,     79.64154929,  101.00087377,   59.98992625,   29.87474452,     27.63583777,   17.67614834,   16.20962473,   14.04650695,      7.53917928], [ -656.03541071,  -74.91228806,  199.84526576,   97.36860068,     59.11442272,   59.98992625,   84.0797908 ,   48.80472453,     31.16616033,   12.97255525,   18.20646896,   20.84315625,     14.96878367], [ -490.0962185 ,  -43.04470191,  155.43799658,   83.10645374,     37.93958896,   29.87474452,   48.80472453,   66.1149967 ,     47.19933429,   15.27361063,   10.61798864,   19.55305076,     19.00319263], [-1041.9499216 ,  -17.91351908,  243.27551968,   79.87572978,     57.49715538,   27.63583777,   31.16616033,   47.19933429,     80.75435651,   41.92280438,   23.12931784,   21.2301991 ,     26.18900917], [ -495.60240813,  -33.05638843,  120.07459835,   38.19347219,     27.05718976,   17.67614834,   12.97255525,   15.27361063,     41.92280438,   57.98614704,   39.33969325,   13.18996405,      9.03873587], [ -797.24012113,  -33.55767237,  184.1778592 ,   36.33446472,     30.71963153,   16.20962473,   18.20646896,   10.61798864,     23.12931784,   39.33969325,   69.90266248,   43.97796099,     14.6315862 ], [ -763.37866262,  -43.13311529,  184.93557553,   52.61660801,     25.76475857,   14.04650695,   20.84315625,   19.55305076,     21.2301991 ,   13.18996405,   43.97796099,   67.56457287,     39.50470916], [ -685.92394554,  -23.61060392,  147.50306651,   43.70140285,     24.45908449,    7.53917928,   14.96878367,   19.00319263,     26.18900917,    9.03873587,   14.6315862 ,   39.50470916,     58.42523287]]
music/Klassik Orchester/Offenbach_ Orpheus In The Underworld (Orphée aux enfers) - Can-Can (Live At Grosser Saal Musikverei.mp3; [-719.40106  , 130.55777  , -12.58003  ,   7.448612 ,  -5.8466773,   -5.8390446,  -3.0534115,  -6.888779 ,  -3.057877 ,  -4.152486 ,   -1.9069105,  -2.6024616,  -0.6769677]; [[23138.73918273, 1132.25532854,-1472.04416755,  821.44563586,   -137.61802322,  373.39614156, -309.3157544 ,  251.73600321,   -283.6404813 , -117.97267323, -387.6838888 , -243.13698725,   -547.63598806], [ 1132.25532854, 1291.42926161, -124.3326277 ,   78.87672187,    -13.30609976,  -26.85047869,  -68.63756839,  -59.75072946,    -79.86396945,  -67.8078264 ,  -60.47658414,  -73.173692  ,   -113.14811863], [-1472.04416755, -124.3326277 ,  479.26054892,  -34.42261436,     95.7680646 ,   -8.01516763,   59.17889363,  -18.34649082,     49.72727817,    0.6838304 ,   37.17493581,   10.77918715,     36.36040541], [  821.44563586,   78.87672187,  -34.42261436,  191.99174747,     13.67751859,   39.49424624,  -13.81385305,   18.19315691,    -22.38544167,   -8.22785836,  -25.02791096,  -20.05764697,    -41.34006441], [ -137.61802322,  -13.30609976,   95.7680646 ,   13.67751859,     95.41255799,   10.74855414,   17.59918312,   -1.06367621,      9.96768189,    2.37683381,    8.82450912,    5.71271545,     -0.92856021], [  373.39614156,  -26.85047869,   -8.01516763,   39.49424624,     10.74855414,   91.56152489,    8.66107286,   26.9142039 ,     -6.5585599 ,    0.34768395,   -7.30273409,   -1.17705328,    -14.19175592], [ -309.3157544 ,  -68.63756839,   59.17889363,  -13.81385305,     17.59918312,    8.66107286,   74.4162998 ,   13.1787276 ,     21.94828045,    4.50938133,   14.954223  ,    9.45602084,     28.88313354], [  251.73600321,  -59.75072946,  -18.34649082,   18.19315691,     -1.06367621,   26.9142039 ,   13.1787276 ,   71.56019928,     13.63136598,    8.12410509,  -10.241266  ,    9.05967647,      2.89829727], [ -283.6404813 ,  -79.86396945,   49.72727817,  -22.38544167,      9.96768189,   -6.5585599 ,   21.94828045,   13.63136598,     74.10665987,   21.61450177,   13.99492164,    1.20982671,     29.33729614], [ -117.97267323,  -67.8078264 ,    0.6838304 ,   -8.22785836,      2.37683381,    0.34768395,    4.50938133,    8.12410509,     21.61450177,   58.84925845,   18.81446079,    6.02659208,      6.16177733], [ -387.6838888 ,  -60.47658414,   37.17493581,  -25.02791096,      8.82450912,   -7.30273409,   14.954223  ,  -10.241266  ,     13.99492164,   18.81446079,   62.60348292,   26.49700418,     17.76505762], [ -243.13698725,  -73.173692  ,   10.77918715,  -20.05764697,      5.71271545,   -1.17705328,    9.45602084,    9.05967647,      1.20982671,    6.02659208,   26.49700418,   69.12726545,     35.67807792], [ -547.63598806, -113.14811863,   36.36040541,  -41.34006441,     -0.92856021,  -14.19175592,   28.88313354,    2.89829727,     29.33729614,    6.16177733,   17.76505762,   35.67807792,     95.29780355]]
music/Other Metal/Gojira - Global warming.mp3; [-490.66406  , 107.35594  , -27.201897 ,  21.54743  ,   9.644009 ,    7.0449877,   5.781472 ,  12.848109 ,   5.419278 ,   5.837139 ,    5.112926 ,   3.3443215,  -7.6447587]; [[16405.83835386,-1418.88519865, 1649.49984013, 2503.90074752,    794.0330055 ,  954.1757644 ,  182.3312084 ,  703.22040275,   1078.00922457,  183.4020935 , -311.48511791,  111.84780345,   -354.89121111], [-1418.88519865,  877.45708651, -573.1583918 , -426.90948973,   -163.1692213 , -217.96977057,  -19.34443132,  -94.74504151,   -188.71854004,    6.7848864 ,   77.08713102,   -2.0253308 ,     46.89992932], [ 1649.49984013, -573.1583918 ,  658.92653151,  413.35586203,    159.24422793,  173.58723136,   28.92521822,  110.36227368,    163.6493056 ,  -16.50789766,  -63.01000757,   17.13896248,    -36.89536429], [ 2503.90074752, -426.90948973,  413.35586203,  839.83152385,    213.10884877,  218.31544725,   17.84664913,  156.18661515,    264.59285084,   37.93612798,  -91.71964707,   48.14285719,    -79.61625394], [  794.0330055 , -163.1692213 ,  159.24422793,  213.10884877,    170.83445366,   94.59109878,    0.88183158,   22.40146533,     83.74120545,   20.4960823 ,  -19.74000955,    4.10301052,    -15.54072823], [  954.1757644 , -217.96977057,  173.58723136,  218.31544725,     94.59109878,  180.11537108,   46.52982893,   58.71019591,     98.33930512,   11.91718356,  -33.35489724,    7.48038199,    -34.27246025], [  182.3312084 ,  -19.34443132,   28.92521822,   17.84664913,      0.88183158,   46.52982893,   94.42173115,   53.76088881,     18.16168293,  -10.99466193,   -4.98226631,    4.90953004,     -6.20683359], [  703.22040275,  -94.74504151,  110.36227368,  156.18661515,     22.40146533,   58.71019591,   53.76088881,  113.14568397,     82.82717567,    1.89466638,  -22.02986595,   15.92485943,    -18.86357184], [ 1078.00922457, -188.71854004,  163.6493056 ,  264.59285084,     83.74120545,   98.33930512,   18.16168293,   82.82717567,    171.68242731,   40.73327954,  -32.69832307,   10.87132509,    -34.96461415], [  183.4020935 ,    6.7848864 ,  -16.50789766,   37.93612798,     20.4960823 ,   11.91718356,  -10.99466193,    1.89466638,     40.73327954,   64.99257177,   22.43910829,    1.6940689 ,     -5.97767496], [ -311.48511791,   77.08713102,  -63.01000757,  -91.71964707,    -19.74000955,  -33.35489724,   -4.98226631,  -22.02986595,    -32.69832307,   22.43910829,   65.85959465,   19.01414681,     17.29571183], [  111.84780345,   -2.0253308 ,   17.13896248,   48.14285719,      4.10301052,    7.48038199,    4.90953004,   15.92485943,     10.87132509,    1.6940689 ,   19.01414681,   57.02025084,     18.95703916], [ -354.89121111,   46.89992932,  -36.89536429,  -79.61625394,    -15.54072823,  -34.27246025,   -6.20683359,  -18.86357184,    -34.96461415,   -5.97767496,   17.29571183,   18.95703916,     68.38883435]]
music/Other Metal/Judas Priest - Painkiller.mp3; [-487.52887   ,  79.44294   ,  -3.1569316 ,  45.277576  ,   0.99584997,    9.744015  ,   4.2438707 ,   7.689987  ,   4.6331377 ,   5.270243  ,    1.5618044 ,   1.3882304 ,  -1.935208  ]; [[5426.01149258, 165.42106356, -43.62329286, -19.43859275, -55.56936199,    40.88664814,-132.87244452, -28.40261156,  28.24049573, -58.44949832,   -71.79189891,  -4.59490009, -85.79592594], [ 165.42106356, 485.93421626,-239.07077909, 104.91311065, -70.4497151 ,    18.64448642,  26.5989187 ,  17.92948135,   4.59443334,  14.21598367,     7.62568244, -18.94637059, -11.99650063], [ -43.62329286,-239.07077909, 516.6756727 ,  21.11206921, 118.60552181,     2.85252141, -16.46421315, -20.14324038,  15.53820454,  17.68701823,     4.03778746,  16.62541328,  14.90363643], [ -19.43859275, 104.91311065,  21.11206921, 238.21754154,   0.89321841,   -25.75725912, -17.13962014,  12.44630278,  23.78670872,  10.67486836,     5.61455441,  11.73140552,  -0.39418074], [ -55.56936199, -70.4497151 , 118.60552181,   0.89321841, 162.35999996,    32.54557217,  28.74165338,  21.35759393,  16.20383025,   9.85825426,    15.03964272,  23.67493596,  24.69025782], [  40.88664814,  18.64448642,   2.85252141, -25.75725912,  32.54557217,   170.65640753,  56.65753596,  13.69676326, -26.46555305,   4.12836343,    12.45899092,   9.75709488,  11.6646012 ], [-132.87244452,  26.5989187 , -16.46421315, -17.13962014,  28.74165338,    56.65753596, 148.91672661,  42.0304223 , -13.32332252, -12.52812279,    24.84217885,  25.17309834,  31.72932868], [ -28.40261156,  17.92948135, -20.14324038,  12.44630278,  21.35759393,    13.69676326,  42.0304223 ,  93.1657023 ,  34.29361891,  10.27731572,    -2.33990616,  -0.38225785,  15.26392722], [  28.24049573,   4.59443334,  15.53820454,  23.78670872,  16.20383025,   -26.46555305, -13.32332252,  34.29361891, 110.10694195,  37.35637462,    -0.63628421,  -9.72240321,  -8.58832982], [ -58.44949832,  14.21598367,  17.68701823,  10.67486836,   9.85825426,     4.12836343, -12.52812279,  10.27731572,  37.35637462,  75.79943071,    23.4386549 ,  -6.46394718, -11.27218258], [ -71.79189891,   7.62568244,   4.03778746,   5.61455441,  15.03964272,    12.45899092,  24.84217885,  -2.33990616,  -0.63628421,  23.4386549 ,    65.44277363,  30.50464317,   3.75555481], [  -4.59490009, -18.94637059,  16.62541328,  11.73140552,  23.67493596,     9.75709488,  25.17309834,  -0.38225785,  -9.72240321,  -6.46394718,    30.50464317,  72.90158551,  28.01174308], [ -85.79592594, -11.99650063,  14.90363643,  -0.39418074,  24.69025782,    11.6646012 ,  31.72932868,  15.26392722,  -8.58832982, -11.27218258,     3.75555481,  28.01174308,  69.30037892]]
music/Other Metal/Behemoth - Chant For Ezkaton 2000 EV.mp3; [-532.73645   , 109.54549   , -12.057739  ,  44.34736   ,   5.644779  ,   11.17167   ,   5.222248  ,  -0.16837902,   6.5526667 ,  -0.43026137,    2.7308474 ,  -1.7875385 ,  -3.5902624 ]; [[17918.20405194, 1131.02354846, 1401.33557633,  524.54518507,    999.16284361,  811.59198519,  129.4317666 ,  741.95124442,    137.30640332,  227.14581149,  136.58009798,   98.2630553 ,     46.03230415], [ 1131.02354846,  776.1402875 , -252.86080255,  239.94256688,   -133.80179825,  -43.79312249, -102.91479578,  -58.19859683,     72.39648078,  -73.79894939,   13.3985297 ,  -53.99703425,    -36.42247248], [ 1401.33557633, -252.86080255,  494.90880898,  -75.10434426,    274.37032381,  128.88247302,   86.33335681,  160.15177818,    -23.34669795,   82.74788096,    6.27330379,   62.31680118,     34.77305329], [  524.54518507,  239.94256688,  -75.10434426,  250.86303388,    -13.45444075,   43.13044154,   -9.3966299 ,    9.57932871,     49.59743665,   -8.06874974,   12.81622482,  -35.36468954,    -22.33998531], [  999.16284361, -133.80179825,  274.37032381,  -13.45444075,    223.37217645,  108.99548145,   63.25943261,   91.89039851,    -11.24750294,   56.82128761,    9.39600547,   35.89268312,     11.41687122], [  811.59198519,  -43.79312249,  128.88247302,   43.13044154,    108.99548145,  137.5118229 ,   55.37863554,   80.044082  ,    -11.619925  ,   37.0630533 ,   13.68197369,   21.29282877,     11.64163946], [  129.4317666 , -102.91479578,   86.33335681,   -9.3966299 ,     63.25943261,   55.37863554,   87.74502692,   55.26337987,      2.81346199,   21.84508353,    4.57497519,   20.29100722,      9.3958821 ], [  741.95124442,  -58.19859683,  160.15177818,    9.57932871,     91.89039851,   80.044082  ,   55.26337987,  124.14328469,     22.87551563,   42.84613438,    6.23044507,   19.51427075,      9.28015797], [  137.30640332,   72.39648078,  -23.34669795,   49.59743665,    -11.24750294,  -11.619925  ,    2.81346199,   22.87551563,     72.21383349,   17.1648878 ,    7.69017705,  -18.83264473,    -17.09185463], [  227.14581149,  -73.79894939,   82.74788096,   -8.06874974,     56.82128761,   37.0630533 ,   21.84508353,   42.84613438,     17.1648878 ,   64.43530919,   22.03897366,   19.23798304,      1.5350252 ], [  136.58009798,   13.3985297 ,    6.27330379,   12.81622482,      9.39600547,   13.68197369,    4.57497519,    6.23044507,      7.69017705,   22.03897366,   42.86959869,   23.29435905,     12.24913949], [   98.2630553 ,  -53.99703425,   62.31680118,  -35.36468954,     35.89268312,   21.29282877,   20.29100722,   19.51427075,    -18.83264473,   19.23798304,   23.29435905,   63.03293755,     36.79535445], [   46.03230415,  -36.42247248,   34.77305329,  -22.33998531,     11.41687122,   11.64163946,    9.3958821 ,    9.28015797,    -17.09185463,    1.5350252 ,   12.24913949,   36.79535445,     52.24356047]]
music/Other Metal/Finntroll - Under Bergets Rot.mp3; [-479.29337   ,  93.778885  ,  10.861631  ,  28.780554  ,   6.3237476 ,   18.760035  ,   8.144297  ,  11.521393  ,   2.965618  ,   4.566115  ,    1.1303816 ,  -0.80012447,  -1.5370978 ]; [[3424.69528407,-469.42754318,  87.17777986,-137.26460255,-244.13192365,    61.20420245, 128.37946428, 199.82796611, 130.62558031,  38.68435766,    19.60251524,   5.66348907,  33.20548204], [-469.42754318, 323.95644221, -74.73783326, -27.4607363 ,   9.00709445,   -40.68428054, -14.6505764 , -28.79223992,   0.77359479, -10.90957155,    -4.99923588,  -7.69836586, -21.41476879], [  87.17777986, -74.73783326, 236.55456709,  30.26761303,  37.31996117,    15.26767297,  -3.45860249,   2.42820642, -15.6609191 ,  -3.11997232,    -3.09713282,  -1.98571718,  -1.82565439], [-137.26460255, -27.4607363 ,  30.26761303, 221.99332322,  66.41635302,    53.67863781,  14.41275136, -10.30238365, -18.19339181,  -8.09178789,    -1.02193153,   8.75463636,  13.70504254], [-244.13192365,   9.00709445,  37.31996117,  66.41635302, 132.30494165,    27.82859477, -18.93378324, -53.97157437, -28.7027859 ,   3.7564714 ,     1.64032552,  -1.59717836,  -0.40319748], [  61.20420245, -40.68428054,  15.26767297,  53.67863781,  27.82859477,    84.54107925,  40.61747115,  19.37676477,   2.67275786,   0.64316379,     2.23829819,   1.935186  ,   3.88728521], [ 128.37946428, -14.6505764 ,  -3.45860249,  14.41275136, -18.93378324,    40.61747115,  97.57847774,  62.67553909,  29.53460839,  -4.66217734,    -0.02425979,   5.0027003 ,   3.48605791], [ 199.82796611, -28.79223992,   2.42820642, -10.30238365, -53.97157437,    19.37676477,  62.67553909, 106.31757526,  47.27747968,   8.68788735,    -1.28550816,   4.33374699,   4.23008116], [ 130.62558031,   0.77359479, -15.6609191 , -18.19339181, -28.7027859 ,     2.67275786,  29.53460839,  47.27747968,  74.58453439,  29.4688718 ,    12.81428524,   1.48695563,  -2.78608718], [  38.68435766, -10.90957155,  -3.11997232,  -8.09178789,   3.7564714 ,     0.64316379,  -4.66217734,   8.68788735,  29.4688718 ,  57.98794071,    23.4949245 ,   5.18487366,   0.17191175], [  19.60251524,  -4.99923588,  -3.09713282,  -1.02193153,   1.64032552,     2.23829819,  -0.02425979,  -1.28550816,  12.81428524,  23.4949245 ,    45.78022041,  20.589895  ,   4.13028573], [   5.66348907,  -7.69836586,  -1.98571718,   8.75463636,  -1.59717836,     1.935186  ,   5.0027003 ,   4.33374699,   1.48695563,   5.18487366,    20.589895  ,  42.06460688,  18.51796556], [  33.20548204, -21.41476879,  -1.82565439,  13.70504254,  -0.40319748,     3.88728521,   3.48605791,   4.23008116,  -2.78608718,   0.17191175,     4.13028573,  18.51796556,  42.71942459]]
music/Other Metal/Rings Of Saturn - The Macrocosm.mp3; [-525.96625   , 124.92953   , -16.728613  ,  32.076744  ,   1.2208021 ,   25.521301  ,   7.5659018 ,  12.449639  ,   2.8694394 ,  -4.1636915 ,   -0.3225911 ,  -0.35603133,  -5.9079986 ]; [[16649.28121193,-4608.49593597,   94.801067  , 1067.60674033,   -292.91666849, 1442.23723733, 1004.6963117 , 1542.42778664,   1029.6992273 ,  703.18072794,  550.59321351,  474.13727071,    161.87103726], [-4608.49593597, 2497.18655958, -571.90853447, -332.66072349,     30.00078503, -467.08411579, -359.98896571, -493.23892279,   -224.42385112, -297.99463172, -161.81560935, -167.55190892,    -59.56233874], [   94.801067  , -571.90853447,  621.41258058,  137.47396597,    108.93487869,   57.3769874 ,   53.78876054,   49.70046544,    -35.39472225,  122.45320032,   14.59199376,   33.67675657,     27.38921801], [ 1067.60674033, -332.66072349,  137.47396597,  339.84946402,     12.55921758,  154.79209418,  112.06623564,  120.11709276,     71.38123125,   92.57593258,   78.27060591,   62.37541888,     45.57344551], [ -292.91666849,   30.00078503,  108.93487869,   12.55921758,    148.55383329,   -0.94811818,    0.40302346,  -29.07687284,    -27.30362441,   29.02744289,   -7.15620819,    1.94495301,     -0.24660335], [ 1442.23723733, -467.08411579,   57.3769874 ,  154.79209418,     -0.94811818,  282.93763669,  167.16741071,  181.44441285,    115.37688055,   99.68262009,   84.53881326,   67.56017441,     47.46605133], [ 1004.6963117 , -359.98896571,   53.78876054,  112.06623564,      0.40302346,  167.16741071,  174.6497971 ,  159.34766992,     85.27243977,   64.48495894,   53.19459291,   47.07178853,     32.90446526], [ 1542.42778664, -493.23892279,   49.70046544,  120.11709276,    -29.07687284,  181.44441285,  159.34766992,  252.01015543,    155.36658428,   94.73227441,   68.95743436,   53.39971678,     31.57350732], [ 1029.6992273 , -224.42385112,  -35.39472225,   71.38123125,    -27.30362441,  115.37688055,   85.27243977,  155.36658428,    177.82708406,   84.43260462,   62.70015997,   38.90748903,     15.04580077], [  703.18072794, -297.99463172,  122.45320032,   92.57593258,     29.02744289,   99.68262009,   64.48495894,   94.73227441,     84.43260462,  157.44702393,   76.67603808,   46.6378349 ,     24.76975505], [  550.59321351, -161.81560935,   14.59199376,   78.27060591,     -7.15620819,   84.53881326,   53.19459291,   68.95743436,     62.70015997,   76.67603808,  101.24885717,   56.15753402,     23.05066145], [  474.13727071, -167.55190892,   33.67675657,   62.37541888,      1.94495301,   67.56017441,   47.07178853,   53.39971678,     38.90748903,   46.6378349 ,   56.15753402,   75.41854665,     36.89950241], [  161.87103726,  -59.56233874,   27.38921801,   45.57344551,     -0.24660335,   47.46605133,   32.90446526,   31.57350732,     15.04580077,   24.76975505,   23.05066145,   36.89950241,     68.49970942]]
